,index,Time,Point_x,Point_y
0,475,1646925431.818765,-0.6238189,0.4131181
1,476,1646925431.829736,-0.6428755,0.38842
2,477,1646925431.840713,-0.6521574,0.368592
3,478,1646925431.852674,-0.6618308,0.3524044
4,479,1646925431.863645,-0.6590928,0.3438962
5,480,1646925431.875613,-0.6493428,0.3412039
6,481,1646925431.884589,-0.6311811,0.3449898
7,482,1646925431.895563,-0.6066677,0.3579866
8,483,1646925431.906534,-0.5876875,0.371017
9,484,1646925431.918498,-0.5546955,0.4079828
10,485,1646925431.929468,-0.5331219,0.4312456
11,486,1646925431.941439,-0.5090479,0.4663451
12,487,1646925431.951409,-0.4891127,0.4957529
13,488,1646925431.96238,-0.4685517,0.5360229
14,489,1646925431.974113,-0.4537349,0.5713387
15,490,1646925431.986071,-0.4399048,0.6018749
16,491,1646925431.996043,-0.4312867,0.6341903
17,492,1646925432.00901,-0.4266601,0.6627641
18,493,1646925432.017986,-0.424976,0.6874034
19,494,1646925432.02896,-0.4246022,0.7101504
20,495,1646925432.03993,-0.4322131,0.7257628
21,496,1646925432.051894,-0.438718,0.7397772
22,497,1646925432.062865,-0.453335,0.7457049
23,498,1646925432.076339,-0.4696602,0.7485485
24,499,1646925432.085316,-0.4848284,0.7512646
25,500,1646925432.096286,-0.5108739,0.7431877
26,501,1646925432.107256,-0.5303296,0.7374327
27,502,1646925432.119224,-0.5470985,0.7351661
28,503,1646925432.129198,-0.5630284,0.7313648
29,504,1646925432.141165,-0.5759511,0.7286419
30,505,1646925432.151138,-0.58673,0.7291982
31,506,1646925432.162114,-0.5893553,0.7349973
32,507,1646925432.174079,-0.5930157,0.7442833
33,508,1646925432.186046,-0.5895585,0.7603881
34,509,1646925432.196019,-0.5817502,0.7812679
35,510,1646925432.209982,-0.5742184,0.80594
36,511,1646925432.21796,-0.5679561,0.8283689
37,512,1646925432.228931,-0.5612742,0.8521502
38,513,1646925432.239906,-0.5578408,0.8726215
39,514,1646925432.251869,-0.5558177,0.8872817
40,515,1646925432.26284,-0.5554826,0.8913635
41,516,1646925432.273811,-0.5559518,0.895779
42,517,1646925432.284781,-0.5567908,0.888329
43,518,1646925432.295752,-0.5570769,0.8807691
44,519,1646925432.306723,-0.5611641,0.8513896
45,520,1646925432.317693,-0.5653247,0.8227928
46,521,1646925432.329662,-0.5682877,0.7977293
47,522,1646925432.341628,-0.5723732,0.7560325
48,523,1646925432.351603,-0.574041,0.7157137
49,524,1646925432.362574,-0.5686314,0.6496359
50,525,1646925432.373544,-0.562695,0.5963786
51,526,1646925432.384515,-0.5474595,0.5350406
52,527,1646925432.396484,-0.5286963,0.4775817
53,528,1646925432.408451,-0.5068778,0.4298302
54,529,1646925432.418424,-0.4846544,0.3928623
55,530,1646925432.429395,-0.4682057,0.3613473
56,531,1646925432.440365,-0.4519509,0.3465564
57,532,1646925432.451336,-0.4391283,0.3329647
58,533,1646925432.463305,-0.4272033,0.3419189
59,534,1646925432.475276,-0.4161816,0.3587508
60,535,1646925432.485247,-0.4020135,0.383211
61,536,1646925432.496216,-0.3836979,0.4174303
62,537,1646925432.507187,-0.3631926,0.456031
63,538,1646925432.518157,-0.3446398,0.4985728
64,539,1646925432.52913,-0.3292544,0.5301889
65,540,1646925432.541096,-0.3184774,0.5657028
66,541,1646925432.552066,-0.3076941,0.5920588
67,542,1646925432.56204,-0.2971098,0.615746
68,543,1646925432.57301,-0.2876541,0.6338601
69,544,1646925432.584979,-0.2798268,0.6482764
70,545,1646925432.59595,-0.2754497,0.6571182
71,546,1646925432.607917,-0.2755515,0.6608269
72,547,1646925432.618887,-0.2815723,0.6591895
73,548,1646925432.629859,-0.2864243,0.6597288
74,549,1646925432.640834,-0.2994111,0.6490948
75,550,1646925432.6518,-0.3098231,0.6397991
76,551,1646925432.662771,-0.324277,0.6195059
77,552,1646925432.673741,-0.337524,0.594321
78,553,1646925432.685709,-0.3484539,0.5690348
79,554,1646925432.69668,-0.3568608,0.5489132
80,555,1646925432.707651,-0.3626676,0.5276606
81,556,1646925432.719623,-0.3672229,0.5099803
82,557,1646925432.729592,-0.3686792,0.494658
83,558,1646925432.741562,-0.3669966,0.4843621
84,559,1646925432.752532,-0.3642597,0.475111
85,560,1646925432.762503,-0.3505704,0.4744769
86,561,1646925432.773474,-0.328368,0.4805305
87,562,1646925432.785444,-0.305683,0.4865351
88,563,1646925432.796413,-0.2628101,0.5112814
89,564,1646925432.807385,-0.2297888,0.5278249
90,565,1646925432.818354,-0.1904996,0.555729
91,566,1646925432.829325,-0.1536738,0.5832469
92,567,1646925432.840295,-0.1157027,0.6116807
93,568,1646925432.851266,-0.07935776,0.6362698
94,569,1646925432.862236,-0.04271561,0.6581966
95,570,1646925432.875203,-0.004431546,0.6758527
96,571,1646925432.885176,0.03273547,0.6933111
97,572,1646925432.896146,0.07058251,0.7001749
98,573,1646925432.90712,0.1062309,0.7084615
99,574,1646925432.91709,0.1423818,0.7069979
100,575,1646925432.930056,0.177027,0.7016982
101,576,1646925432.942025,0.2111681,0.6891674
102,577,1646925432.951001,0.2439934,0.6716245
103,578,1646925432.96197,0.2766557,0.6546025
104,579,1646925432.97394,0.3069545,0.6295599
105,580,1646925432.984909,0.334666,0.600181
106,581,1646925432.99588,0.359279,0.5687146
107,582,1646925433.008846,0.3854268,0.5402002
108,583,1646925433.018819,0.4068913,0.5061129
109,584,1646925433.028791,0.4254163,0.4751205
110,585,1646925433.039761,0.4385573,0.4468572
111,586,1646925433.050743,0.4533989,0.4205896
112,587,1646925433.062701,0.4599161,0.3973956
113,588,1646925433.074669,0.4652486,0.3799582
114,589,1646925433.085151,0.4703294,0.368237
115,590,1646925433.095122,0.4743583,0.3650025
116,591,1646925433.107092,0.4811673,0.3617227
117,592,1646925433.118061,0.485994,0.3799294
118,593,1646925433.129032,0.4942625,0.3885385
119,594,1646925433.140004,0.5072922,0.4133775
120,595,1646925433.151972,0.5292363,0.4431698
121,596,1646925433.162942,0.5567129,0.4771583
122,597,1646925433.172914,0.6153392,0.5422082
123,598,1646925433.18489,0.664842,0.5932578
124,599,1646925433.194868,0.7348801,0.6685301
125,600,1646925433.20783,0.7985174,0.7382159
126,601,1646925433.217803,0.8865609,0.8409457
127,602,1646925433.228773,0.9532725,0.9151634
128,603,1646925433.640206,1.308347,0.9850106
129,604,1646925433.651176,1.284336,0.9629873
130,605,1646925433.662147,1.270397,0.9374547
131,606,1646925433.674123,1.263053,0.9123703
132,607,1646925433.684088,1.26358,0.8904644
133,608,1646925433.696058,1.268323,0.8717517
134,609,1646925433.707027,1.269798,0.8544391
135,610,1646925433.718995,1.282291,0.8424362
136,611,1646925433.727971,1.296435,0.8360872
137,612,1646925433.740937,1.311406,0.8328683
138,613,1646925433.750911,1.321856,0.8288887
139,614,1646925433.76288,1.333648,0.8291781
140,615,1646925433.772852,1.340958,0.8285099
141,616,1646925433.784821,1.34584,0.8334101
142,617,1646925433.794792,1.341982,0.8422134
143,618,1646925433.807758,1.339476,0.8463618
144,619,1646925433.817739,1.330873,0.8554698
145,620,1646925433.828701,1.321843,0.8630474
146,621,1646925433.839672,1.300413,0.8758857
147,622,1646925433.851643,1.272372,0.8868886
148,623,1646925433.862611,1.235937,0.8978364
149,624,1646925433.873583,1.19014,0.9054477
150,625,1646925433.884554,1.150537,0.9098711
151,626,1646925433.894526,1.094554,0.9073435
152,627,1646925433.906493,1.053055,0.9072491
153,628,1646925433.918462,1.005867,0.9061991
154,629,1646925433.928436,0.9632875,0.9081554
155,630,1646925433.940405,0.9140714,0.9156688
156,631,1646925433.950377,0.8653241,0.9306953
157,632,1646925433.961348,0.8111157,0.952822
158,633,1646925433.973316,0.7537572,0.9797686
159,634,1646925434.161811,-0.07556891,0.9813156
160,635,1646925434.17378,-0.1013598,0.9365188
161,636,1646925434.186745,-0.1309937,0.8959873
162,637,1646925434.194723,-0.1683553,0.8436384
163,638,1646925434.206692,-0.2035405,0.7975183
164,639,1646925434.217662,-0.2443593,0.7371762
165,640,1646925434.228632,-0.2753502,0.668016
166,641,1646925434.239602,-0.2916422,0.590718
167,642,1646925434.250574,-0.2990401,0.5151119
168,643,1646925434.261545,-0.2822213,0.4261928
169,644,1646925434.273516,-0.2508352,0.3315465
170,645,1646925434.284483,-0.2054014,0.2375629
171,646,1646925434.296452,-0.1485751,0.1444883
172,647,1646925434.306425,-0.08904201,0.06432188
173,648,1646925434.317395,-0.04010613,-0.008336306
174,649,1646925434.328366,0.009631991,-0.0607537
175,650,1646925434.340339,0.0478785,-0.1059229
176,651,1646925434.350308,0.07551487,-0.09939909
177,652,1646925434.361277,0.1027993,-0.107368
178,653,1646925434.372248,0.1263202,-0.07632208
179,654,1646925434.385214,0.1532693,-0.03520012
180,655,1646925434.395187,0.1820999,0.01210308
181,656,1646925434.407156,0.2145703,0.05036271
182,657,1646925434.417128,0.2468344,0.08246064
183,658,1646925434.428099,0.2820039,0.1147414
184,659,1646925434.439069,0.3140192,0.1421938
185,660,1646925434.451038,0.347739,0.1647655
186,661,1646925434.462009,0.3786345,0.1771566
187,662,1646925434.473979,0.4080749,0.1898032
188,663,1646925434.48395,0.4344677,0.1960703
189,664,1646925434.49492,0.4583675,0.2007048
190,665,1646925434.505891,0.4826888,0.2092379
191,666,1646925434.522845,0.5005005,0.2136607
192,667,1646925434.52883,0.5191748,0.2190844
193,668,1646925434.535811,0.5315537,0.2174395
194,669,1646925434.547781,0.5471311,0.2167218
195,670,1646925434.557752,0.5620737,0.2063718
196,671,1646925434.569722,0.5809565,0.1925509
197,672,1646925434.580694,0.5990257,0.1812395
198,673,1646925434.591662,0.6178873,0.1638571
199,674,1646925434.602633,0.636133,0.1522354
200,675,1646925434.6146,0.6524713,0.1387278
201,676,1646925434.624573,0.6693322,0.1297319
202,677,1646925434.635545,0.6840099,0.1250072
203,678,1646925434.647512,0.6985509,0.1201276
204,679,1646925434.657485,0.7129734,0.1235344
205,680,1646925434.669455,0.7275825,0.1340214
206,681,1646925434.681422,0.7423795,0.1537119
207,682,1646925434.691394,0.755392,0.1681656
208,683,1646925434.702956,0.764725,0.196546
209,684,1646925434.713928,0.7718931,0.2268404
210,685,1646925434.724899,0.7768596,0.2628002
211,686,1646925434.735868,0.7809539,0.3018223
212,687,1646925434.747841,0.7833728,0.339922
213,688,1646925434.75781,0.7803796,0.3843251
214,689,1646925434.76878,0.7736803,0.4286982
215,690,1646925434.780749,0.7678785,0.4768852
216,691,1646925434.791719,0.7643275,0.516641
217,692,1646925434.802691,0.7549729,0.5635309
218,693,1646925434.81466,0.7461648,0.6060739
219,694,1646925434.825631,0.7336474,0.6455806
220,695,1646925434.835602,0.717114,0.6783193
221,696,1646925434.847571,0.7024879,0.7093972
222,697,1646925434.857544,0.6794784,0.7239091
223,698,1646925434.869513,0.6596559,0.7411965
224,699,1646925434.881482,0.635796,0.7412281
225,700,1646925434.891453,0.6133826,0.7433938
226,701,1646925434.902423,0.588857,0.7278212
227,702,1646925434.914392,0.5653077,0.6986631
228,703,1646925434.925362,0.5443958,0.6836617
229,704,1646925434.936337,0.5241085,0.6510143
230,705,1646925434.949299,0.5079535,0.6155249
231,706,1646925434.96027,0.4962012,0.5753582
232,707,1646925434.970242,0.4900457,0.5341012
233,708,1646925434.982214,0.4842197,0.4983678
234,709,1646925434.99318,0.4852216,0.4584191
235,710,1646925435.005984,0.4859557,0.424422
236,711,1646925435.015954,0.4860853,0.3933805
237,712,1646925435.02792,0.482396,0.3664778
238,713,1646925435.038892,0.4800097,0.3440222
239,714,1646925435.049862,0.4787894,0.3249946
240,715,1646925435.060831,0.4793196,0.3051221
241,716,1646925435.0738,0.4881594,0.2875606
242,717,1646925435.08477,0.5010719,0.2652184
243,718,1646925435.094267,0.5134798,0.2433411
244,719,1646925435.10623,0.5322148,0.2234548
245,720,1646925435.117201,0.5527644,0.2091683
246,721,1646925435.128171,0.5685022,0.1949981
247,722,1646925435.140139,0.5889834,0.1961617
248,723,1646925435.151111,0.6045948,0.1947325
249,724,1646925435.161083,0.6228775,0.2081423
250,725,1646925435.172054,0.6440625,0.2333053
251,726,1646925435.184023,0.6642893,0.257279
252,727,1646925435.194196,0.6877905,0.3151314
253,728,1646925435.207141,0.7070822,0.3566276
254,729,1646925435.217115,0.7277928,0.4205365
255,730,1646925435.228085,0.7462751,0.4772637
256,731,1646925435.239055,0.7615716,0.5494165
257,732,1646925435.251024,0.7715167,0.6173185
258,733,1646925435.260997,0.7756281,0.6793121
259,734,1646925435.27397,0.7740834,0.731562
260,735,1646925435.283938,0.7722201,0.7776823
261,736,1646925435.294435,0.7556375,0.7984809
262,737,1646925435.305398,0.7460302,0.822715
263,738,1646925435.31637,0.7261723,0.8216852
264,739,1646925435.327344,0.702046,0.8084749
265,740,1646925435.340305,0.6793447,0.793384
266,741,1646925435.350279,0.6429506,0.7371277
267,742,1646925435.36125,0.6177864,0.7026535
268,743,1646925435.37222,0.5900739,0.6426263
269,744,1646925435.384188,0.5672091,0.5873275
270,745,1646925435.39416,0.5479051,0.5338674
271,746,1646925435.40613,0.5309061,0.4928303
272,747,1646925435.4171,0.5209525,0.4539566
273,748,1646925435.42807,0.5147097,0.4275012
274,749,1646925435.439041,0.5079498,0.4045892
275,750,1646925435.450012,0.5090488,0.4028234
276,751,1646925435.460983,0.5049039,0.3936257
277,752,1646925435.47295,0.504407,0.3996
278,753,1646925435.483922,0.5044549,0.4076184
279,754,1646925435.494891,0.5082054,0.4164972
280,755,1646925435.50686,0.5116751,0.4175365
281,756,1646925435.51783,0.5218574,0.4163857
282,757,1646925435.527804,0.531779,0.4137664
283,758,1646925435.539772,0.5455305,0.4049952
284,759,1646925435.549746,0.5582505,0.3896416
285,760,1646925435.561714,0.5698418,0.3689482
286,761,1646925435.572684,0.5813563,0.3424793
287,762,1646925435.584653,0.5939004,0.3135422
288,763,1646925435.594625,0.6053029,0.2856338
289,764,1646925435.606594,0.6169954,0.2508758
290,765,1646925435.617565,0.6268031,0.2133164
291,766,1646925435.628534,0.6359878,0.1798282
292,767,1646925435.638507,0.6460827,0.1455625
293,768,1646925435.650476,0.6557166,0.1149194
294,769,1646925435.661447,0.6645893,0.08713937
295,770,1646925435.673416,0.6728142,0.0632627
296,771,1646925435.684385,0.6799845,0.03800964
297,772,1646925435.694358,0.6803392,0.02260101
298,773,1646925435.705328,0.6778334,0.008183599
299,774,1646925435.717298,0.6718589,-0.001837969
300,775,1646925435.728269,0.6667193,-0.01634717
301,776,1646925435.740237,0.6581923,-0.02242839
302,777,1646925435.751207,0.6499795,-0.02784657
303,778,1646925435.76118,0.6436439,-0.02881551
304,779,1646925435.77215,0.6353095,-0.02658391
305,780,1646925435.784126,0.6258792,-0.02317774
306,781,1646925435.795089,0.6155822,-0.0193814
307,782,1646925435.80606,0.5996232,-0.01276445
308,783,1646925435.81703,0.5780125,-0.00422132
309,784,1646925435.828,0.5503989,0.0009379387
310,785,1646925435.838971,0.5221299,-0.0005149841
311,786,1646925435.849943,0.4873245,-0.01822424
312,787,1646925435.860912,0.456355,-0.05218917
313,788,1646925435.872881,0.4351783,-0.09957504
314,789,1646925435.883852,0.4202741,-0.1455974
315,790,1646925435.894824,0.4201419,-0.2354547
316,791,1646925435.905792,0.4167977,-0.307517
317,792,1646925435.916769,0.4257021,-0.407655
318,793,1646925435.927734,0.4388684,-0.5066864
319,794,1646925435.939703,0.4510359,-0.5991917
320,795,1646925435.949675,0.4761974,-0.6925824
321,796,1646925435.961644,0.5058709,-0.7736974
322,797,1646925435.971616,0.5423507,-0.8383732
323,798,1646925435.983585,0.5791281,-0.8832535
324,799,1646925435.993558,0.6131392,-0.9101074
325,800,1646925436.006523,0.6397943,-0.9391727
326,801,1646925436.016497,0.6651347,-0.9394594
327,802,1646925436.027467,0.6873717,-0.9507055
328,803,1646925436.039436,0.7070334,-0.9361147
329,804,1646925436.050407,0.7303736,-0.9259745
330,805,1646925436.060378,0.7596037,-0.916414
331,806,1646925436.073344,0.7925275,-0.9096175
332,807,1646925436.083317,0.8268412,-0.9109678
333,808,1646925436.09429,0.8627542,-0.9179173
334,809,1646925436.105259,0.8948355,-0.9280063
335,810,1646925436.117228,0.9259905,-0.9420606
336,811,1646925436.128198,0.9535834,-0.9572066
337,812,1646925436.140173,0.9810741,-0.9717361
338,813,1646925436.150138,0.9992405,-0.9894392
339,814,1646925436.215968,1.062772,-0.9703141
340,815,1646925436.227932,1.045702,-0.9261545
341,816,1646925436.238902,1.029436,-0.8893398
342,817,1646925436.250873,0.9824455,-0.8268923
343,818,1646925436.260843,0.9501396,-0.7834743
344,819,1646925436.271814,0.9039196,-0.7359952
345,820,1646925436.282784,0.8640788,-0.6979244
346,821,1646925436.29376,0.8158999,-0.6642327
347,822,1646925436.305248,0.7713253,-0.6416041
348,823,1646925436.318216,0.7276347,-0.6273894
349,824,1646925436.327189,0.690198,-0.6135448
350,825,1646925436.339158,0.6522993,-0.6101519
351,826,1646925436.34913,0.6165656,-0.6102577
352,827,1646925436.361098,0.5783393,-0.6107051
353,828,1646925436.372069,0.5393978,-0.6172588
354,829,1646925436.384037,0.5027304,-0.6264008
355,830,1646925436.39401,0.4661731,-0.635264
356,831,1646925436.405829,0.4349045,-0.6528959
357,832,1646925436.415806,0.4072778,-0.6772079
358,833,1646925436.427771,0.385287,-0.7029502
359,834,1646925436.438741,0.362342,-0.7242006
360,835,1646925436.45071,0.3457084,-0.7508006
361,836,1646925436.460682,0.3319665,-0.7724649
362,837,1646925436.471653,0.3241525,-0.7910413
363,838,1646925436.482624,0.3217567,-0.8045905
364,839,1646925436.493599,0.3274366,-0.8144829
365,840,1646925436.505157,0.3335454,-0.8228775
366,841,1646925436.517125,0.3527337,-0.8221686
367,842,1646925436.527098,0.3753494,-0.8143921
368,843,1646925436.539068,0.392137,-0.8068429
369,844,1646925436.549039,0.4208415,-0.7782199
370,845,1646925436.561007,0.4409673,-0.7593739
371,846,1646925436.571978,0.4670064,-0.7301397
372,847,1646925436.583948,0.4913028,-0.70085
373,848,1646925436.593919,0.5121514,-0.6684585
374,849,1646925436.605889,0.5307454,-0.6379979
375,850,1646925436.61586,0.5445826,-0.6015825
376,851,1646925436.62783,0.5555394,-0.5652902
377,852,1646925436.6388,0.5669342,-0.5320424
378,853,1646925436.650771,0.5768228,-0.4994505
379,854,1646925436.660741,0.5865813,-0.4707941
380,855,1646925436.67271,0.5908796,-0.4506607
381,856,1646925436.682682,0.5964626,-0.4304483
382,857,1646925436.69465,0.595687,-0.4208788
383,858,1646925436.70562,0.5917594,-0.4161864
384,859,1646925436.71759,0.5884653,-0.4116205
385,860,1646925436.727563,0.5751937,-0.4219489
386,861,1646925436.739532,0.5690435,-0.4261891
387,862,1646925436.749503,0.5583276,-0.4433981
388,863,1646925436.760473,0.550372,-0.4562363
389,864,1646925436.772442,0.5391998,-0.4779811
390,865,1646925436.785407,0.5228993,-0.50047
391,866,1646925436.794383,0.5077412,-0.5149964
392,867,1646925436.805333,0.4900745,-0.5257562
393,868,1646925436.816303,0.4741837,-0.5329294
394,869,1646925436.827273,0.456705,-0.5322226
395,870,1646925436.838243,0.4398577,-0.5274307
396,871,1646925436.850216,0.4252818,-0.5152755
397,872,1646925436.860185,0.4137257,-0.5020787
398,873,1646925436.871155,0.4084329,-0.4593072
399,874,1646925436.883124,0.4009423,-0.4161131
400,875,1646925436.894097,0.3905997,-0.3752415
401,876,1646925436.905065,0.3792179,-0.322421
402,877,1646925436.917035,0.3686238,-0.2767439
403,878,1646925436.927006,0.3576413,-0.2277822
404,879,1646925436.938978,0.3487462,-0.1854099
405,880,1646925436.948947,0.3400468,-0.1478145
406,881,1646925436.959918,0.3306405,-0.1208665
407,882,1646925436.971886,0.3196637,-0.1026606
408,883,1646925436.983855,0.3065375,-0.09458727
409,884,1646925436.993827,0.2912557,-0.08902961
410,885,1646925437.004797,0.2728546,-0.1046081
411,886,1646925437.015769,0.2556715,-0.1220758
412,887,1646925437.026739,0.2376979,-0.1789978
413,888,1646925437.038708,0.2242895,-0.2172698
414,889,1646925437.049681,0.2135454,-0.2812734
415,890,1646925437.060649,0.2071978,-0.3471671
416,891,1646925437.070621,0.2034911,-0.4186898
417,892,1646925437.08259,0.2044694,-0.4886549
418,893,1646925437.09356,0.2056612,-0.5552374
419,894,1646925437.105528,0.2179555,-0.6227118
420,895,1646925437.117497,0.2298466,-0.6832204
421,896,1646925437.127471,0.2531047,-0.7229366
422,897,1646925437.13844,0.2669901,-0.7468159
423,898,1646925437.149413,0.2779398,-0.7658764
424,899,1646925437.160381,0.2820741,-0.7596005
425,900,1646925437.171353,0.2782484,-0.7402565
426,901,1646925437.183321,0.2729192,-0.7311244
427,902,1646925437.193321,0.2617766,-0.7014333
428,903,1646925437.20626,0.2587968,-0.6773056
429,904,1646925437.216233,0.2657207,-0.653136
430,905,1646925437.227203,0.2795473,-0.6332026
431,906,1646925437.239171,0.2913998,-0.6173252
432,907,1646925437.250144,0.3081046,-0.6025589
433,908,1646925437.260115,0.3204053,-0.5917773
434,909,1646925437.271086,0.3314503,-0.5848483
435,910,1646925437.283056,0.3403915,-0.5776819
436,911,1646925437.293027,0.3452801,-0.5775503
437,912,1646925437.304996,0.3495955,-0.573571
438,913,1646925437.316964,0.3504908,-0.5745885
439,914,1646925437.327933,0.3512433,-0.5742511
440,915,1646925437.337908,0.3474782,-0.5766639
441,916,1646925437.348915,0.3409839,-0.5813684
442,917,1646925437.360847,0.3376756,-0.5840926
443,918,1646925437.371815,0.3323438,-0.5908817
444,919,1646925437.383788,0.3287227,-0.5993323
445,920,1646925437.393757,0.3261734,-0.6087213
446,921,1646925437.405729,0.3225712,-0.6189175
447,922,1646925437.415699,0.3194855,-0.6276003
448,923,1646925437.426669,0.3162557,-0.6338937
449,924,1646925437.438638,0.3126964,-0.6371206
450,925,1646925437.450606,0.3088784,-0.6358708
451,926,1646925437.460579,0.3048801,-0.6292959
452,927,1646925437.47155,0.3004145,-0.6193957
453,928,1646925437.482521,0.2966905,-0.6077123
454,929,1646925437.493491,0.2914718,-0.5975833
455,930,1646925437.504461,0.2851276,-0.5832429
456,931,1646925437.51643,0.2790347,-0.5740634
457,932,1646925437.5274,0.2735577,-0.5632992
458,933,1646925437.538371,0.26805,-0.5549126
459,934,1646925437.549342,0.2624552,-0.5469855
460,935,1646925437.560311,0.2541717,-0.5371373
461,936,1646925437.571282,0.241765,-0.5257337
462,937,1646925437.583251,0.2277213,-0.5125582
463,938,1646925437.594221,0.2101875,-0.4968791
464,939,1646925437.605191,0.1938404,-0.4826746
465,940,1646925437.616162,0.1741341,-0.4654115
466,941,1646925437.627132,0.1542335,-0.4470637
467,942,1646925437.639102,0.1352565,-0.4291259
468,943,1646925437.650074,0.11074,-0.4087812
469,944,1646925437.661052,0.08879006,-0.389918
470,945,1646925437.672014,0.06255805,-0.3692882
471,946,1646925437.682986,0.03468204,-0.3488055
472,947,1646925437.693964,0.006211907,-0.3302372
473,948,1646925437.704925,-0.02107304,-0.3136892
474,949,1646925437.716894,-0.0515424,-0.2998035
475,950,1646925437.727864,-0.08283569,-0.2892635
476,951,1646925437.738835,-0.1128518,-0.2780425
477,952,1646925437.749806,-0.1413397,-0.2723372
478,953,1646925437.760776,-0.1694607,-0.2653337
479,954,1646925437.771754,-0.1944471,-0.2666346
480,955,1646925437.782719,-0.2193621,-0.2660152
481,956,1646925437.793687,-0.2432287,-0.2683037
482,957,1646925437.805657,-0.2668852,-0.2700886
483,958,1646925437.817626,-0.2872157,-0.2756446
484,959,1646925437.826599,-0.3083622,-0.2779539
485,960,1646925437.83757,-0.324311,-0.2841024
486,961,1646925437.84954,-0.3375542,-0.292767
487,962,1646925437.860511,-0.3514975,-0.3007762
488,963,1646925437.871479,-0.3564343,-0.3145938
489,964,1646925437.88245,-0.3643827,-0.3267374
490,965,1646925437.89342,-0.3668289,-0.3432792
491,966,1646925437.904392,-0.3712495,-0.3586593
492,967,1646925437.916128,-0.3655801,-0.3851936
493,968,1646925437.927097,-0.3603527,-0.4096825
494,969,1646925437.937826,-0.3560753,-0.4321604
495,970,1646925437.948797,-0.3427806,-0.4588146
496,971,1646925437.959767,-0.3313032,-0.4821651
497,972,1646925437.970744,-0.3085881,-0.5047011
498,973,1646925437.982708,-0.2916681,-0.5229866
499,974,1646925437.993678,-0.272196,-0.5358607
500,975,1646925438.004647,-0.2528387,-0.5438852
501,976,1646925438.015619,-0.2346393,-0.5479014
502,977,1646925438.026589,-0.2188561,-0.5485115
503,978,1646925438.037559,-0.2028519,-0.5497125
504,979,1646925438.049527,-0.187974,-0.5414722
505,980,1646925438.060499,-0.1749337,-0.5283391
506,981,1646925438.07147,-0.1664667,-0.5133207
507,982,1646925438.083437,-0.1629505,-0.4938696
508,983,1646925438.093409,-0.1589379,-0.4801928
509,984,1646925438.10438,-0.1613309,-0.4632113
510,985,1646925438.116351,-0.1643693,-0.4510274
511,986,1646925438.12732,-0.1702585,-0.441397
512,987,1646925438.139287,-0.1748861,-0.4343443
513,988,1646925438.150257,-0.1855251,-0.4310438
514,989,1646925438.16023,-0.1976638,-0.4307802
515,990,1646925438.171201,-0.2115129,-0.4321208
516,991,1646925438.18317,-0.2280974,-0.4333059
517,992,1646925438.193143,-0.2464326,-0.4357371
518,993,1646925438.205112,-0.2637506,-0.4371674
519,994,1646925438.216062,-0.282909,-0.4434085
520,995,1646925438.227033,-0.3008027,-0.4490898
521,996,1646925438.238004,-0.3160964,-0.4550594
522,997,1646925438.250969,-0.3290505,-0.4640658
523,998,1646925438.259945,-0.3391264,-0.4726678
524,999,1646925438.270916,-0.3462887,-0.4789805
525,1000,1646925438.283881,-0.3535604,-0.4835982
526,1001,1646925438.292858,-0.357623,-0.484677
527,1002,1646925438.304825,-0.361659,-0.4815257
528,1003,1646925438.315798,-0.3666079,-0.4750165
529,1004,1646925438.326767,-0.3721163,-0.468729
530,1005,1646925438.337737,-0.3768475,-0.4569498
531,1006,1646925438.349705,-0.379734,-0.4435861
532,1007,1646925438.359678,-0.3832266,-0.4316925
533,1008,1646925438.370648,-0.3836911,-0.4172246
534,1009,1646925438.382618,-0.3870574,-0.4076218
535,1010,1646925438.393588,-0.3909827,-0.4009669
536,1011,1646925438.404558,-0.3948248,-0.3963616
537,1012,1646925438.416527,-0.3979101,-0.3987604
538,1013,1646925438.426499,-0.4002451,-0.4001566
539,1014,1646925438.43747,-0.3999541,-0.4066972
540,1015,1646925438.44944,-0.3967121,-0.4184181
541,1016,1646925438.46041,-0.3936485,-0.4277496
542,1017,1646925438.47138,-0.3841376,-0.4453818
543,1018,1646925438.483348,-0.3779612,-0.4581109
544,1019,1646925438.493321,-0.3685826,-0.4718507
545,1020,1646925438.504292,-0.3614242,-0.4816279
546,1021,1646925438.51626,-0.3537062,-0.4886963
547,1022,1646925438.526234,-0.3480984,-0.4949391
548,1023,1646925438.537204,-0.3451669,-0.4978635
549,1024,1646925438.549171,-0.3432093,-0.4989586
550,1025,1646925438.560142,-0.3429548,-0.4975111
551,1026,1646925438.571113,-0.3442233,-0.4940019
552,1027,1646925438.583081,-0.3460342,-0.4915402
553,1028,1646925438.593055,-0.3517401,-0.4868801
554,1029,1646925438.605024,-0.3564095,-0.4827437
555,1030,1646925438.615993,-0.3653896,-0.4787847
556,1031,1646925438.625966,-0.3732049,-0.4776354
557,1032,1646925438.637934,-0.378442,-0.4770983
558,1033,1646925438.649904,-0.3841878,-0.4788629
559,1034,1646925438.659877,-0.3890876,-0.481631
560,1035,1646925438.670848,-0.3938524,-0.4885588
561,1036,1646925438.683811,-0.3978428,-0.4946244
562,1037,1646925438.692787,-0.4002035,-0.5020338
563,1038,1646925438.704755,-0.4003779,-0.511251
564,1039,1646925438.715726,-0.4012231,-0.5170206
565,1040,1646925438.726696,-0.4009224,-0.5232993
566,1041,1646925438.737669,-0.4011745,-0.5286254
567,1042,1646925438.749636,-0.3989217,-0.533935
568,1043,1646925438.760606,-0.3964291,-0.5384694
569,1044,1646925438.770579,-0.3926826,-0.5425737
570,1045,1646925438.782549,-0.3884287,-0.5458974
571,1046,1646925438.793519,-0.3840315,-0.546999
572,1047,1646925438.804489,-0.3803706,-0.5460651
573,1048,1646925438.81546,-0.3766737,-0.5427588
574,1049,1646925438.82643,-0.3747426,-0.5404866
575,1050,1646925438.837401,-0.372786,-0.5398953
576,1051,1646925438.849369,-0.3720865,-0.5391488
577,1052,1646925438.86034,-0.3732748,-0.53968
578,1053,1646925438.870312,-0.3748,-0.5406694
579,1054,1646925438.882281,-0.3791644,-0.5415685
580,1055,1646925438.893251,-0.3813548,-0.5418284
581,1056,1646925438.904222,-0.3840291,-0.5439191
582,1057,1646925438.915193,-0.386813,-0.5439986
583,1058,1646925438.92716,-0.3919702,-0.5447975
584,1059,1646925438.937133,-0.3978894,-0.5448806
585,1060,1646925438.94911,-0.4024237,-0.5447602
586,1061,1646925438.960073,-0.4067091,-0.5436281
587,1062,1646925438.971043,-0.410329,-0.5432979
588,1063,1646925438.982015,-0.4111381,-0.5413227
589,1064,1646925438.992985,-0.4134969,-0.5387241
590,1065,1646925439.003955,-0.4165792,-0.5347902
591,1066,1646925439.015924,-0.4194626,-0.5328743
592,1067,1646925439.026895,-0.4231139,-0.5312895
593,1068,1646925439.036877,-0.4269999,-0.5294938
594,1069,1646925439.048835,-0.4299697,-0.5288373
595,1070,1646925439.059806,-0.4317293,-0.5289431
596,1071,1646925439.070776,-0.4333257,-0.5304601
597,1072,1646925439.082746,-0.4311282,-0.5333917
598,1073,1646925439.092717,-0.4287385,-0.5369438
599,1074,1646925439.104685,-0.419671,-0.5427911
600,1075,1646925439.115657,-0.4106231,-0.5469716
601,1076,1646925439.126627,-0.4028488,-0.5510963
602,1077,1646925439.137598,-0.3945593,-0.5553906
603,1078,1646925439.150563,-0.3880134,-0.5603659
604,1079,1646925439.16054,-0.3826524,-0.5638046
605,1080,1646925439.170512,-0.3773949,-0.5681322
606,1081,1646925439.183475,-0.3697394,-0.5719352
607,1082,1646925439.19345,-0.3623435,-0.5745044
608,1083,1646925439.204419,-0.3561807,-0.5756519
609,1084,1646925439.215389,-0.3522215,-0.5748878
610,1085,1646925439.225875,-0.3498431,-0.5747659
611,1086,1646925439.236845,-0.3512294,-0.5717819
612,1087,1646925439.249811,-0.3533002,-0.5670931
613,1088,1646925439.259784,-0.3569722,-0.5611367
614,1089,1646925439.270755,-0.3615441,-0.5553319
615,1090,1646925439.281725,-0.365508,-0.5496529
616,1091,1646925439.292696,-0.3716288,-0.5430312
617,1092,1646925439.303667,-0.3793162,-0.5369585
618,1093,1646925439.315641,-0.3865364,-0.5328339
619,1094,1646925439.326607,-0.3966034,-0.5273597
620,1095,1646925439.336583,-0.4055732,-0.5234098
621,1096,1646925439.348547,-0.4150116,-0.5215817
622,1097,1646925439.359517,-0.4230258,-0.5222328
623,1098,1646925439.370488,-0.4303553,-0.5228329
624,1099,1646925439.382458,-0.4356682,-0.5291874
625,1100,1646925439.392433,-0.4406862,-0.5338559
626,1101,1646925439.403404,-0.4431319,-0.5416497
627,1102,1646925439.415367,-0.4457419,-0.546249
628,1103,1646925439.426013,-0.4465089,-0.5515162
629,1104,1646925439.436983,-0.4467355,-0.556435
630,1105,1646925439.448953,-0.4474424,-0.5602752
631,1106,1646925439.459923,-0.4473446,-0.5633426
632,1107,1646925439.469899,-0.4455736,-0.5640116
633,1108,1646925439.481862,-0.4442846,-0.5649641
634,1109,1646925439.492833,-0.4407622,-0.5644071
635,1110,1646925439.503804,-0.4347737,-0.5627427
636,1111,1646925439.515777,-0.4297493,-0.5603046
637,1112,1646925439.538408,-0.4243353,-0.5560371
638,1113,1646925439.541401,-0.4185573,-0.5515161
639,1114,1646925439.548382,-0.4120299,-0.5447834
640,1115,1646925439.554366,-0.4067127,-0.5394381
641,1116,1646925439.565336,-0.4019853,-0.5361031
642,1117,1646925439.576306,-0.3962436,-0.531415
643,1118,1646925439.588275,-0.3911251,-0.5286984
644,1119,1646925439.598252,-0.3888313,-0.5281281
645,1120,1646925439.610216,-0.3865972,-0.5259255
646,1121,1646925439.621187,-0.3884426,-0.5256413
647,1122,1646925439.632157,-0.3895798,-0.5264167
648,1123,1646925439.643127,-0.3927531,-0.5281663
649,1124,1646925439.655095,-0.394375,-0.5296676
650,1125,1646925439.666066,-0.3983538,-0.5320473
651,1126,1646925439.678035,-0.4012248,-0.5321409
652,1127,1646925439.688008,-0.403037,-0.5315084
653,1128,1646925439.699976,-0.4040839,-0.5261237
654,1129,1646925439.709956,-0.404746,-0.5172228
655,1130,1646925439.721918,-0.4050783,-0.5000935
656,1131,1646925439.732795,-0.4076223,-0.4765879
657,1132,1646925439.743766,-0.4142643,-0.4511627
658,1133,1646925439.75374,-0.4219376,-0.4305956
659,1134,1646925439.765708,-0.4345703,-0.4085836
660,1135,1646925439.776678,-0.4478278,-0.391176
661,1136,1646925439.787649,-0.461098,-0.379845
662,1137,1646925439.799618,-0.4732245,-0.3731587
663,1138,1646925439.809591,-0.4842515,-0.3683767
664,1139,1646925439.820593,-0.4964824,-0.3728901
665,1140,1646925439.831539,-0.5078859,-0.382632
666,1141,1646925439.84251,-0.5191319,-0.3962117
667,1142,1646925439.854474,-0.5286409,-0.4106152
668,1143,1646925439.865445,-0.5362916,-0.4230608
669,1144,1646925439.877413,-0.5409653,-0.439277
670,1145,1646925439.887386,-0.5453929,-0.4554611
671,1146,1646925439.898357,-0.5472847,-0.4679699
672,1147,1646925439.909332,-0.5481501,-0.4792969
673,1148,1646925439.921295,-0.5466981,-0.48792
674,1149,1646925439.93178,-0.5446047,-0.4908899
675,1150,1646925439.943749,-0.5439817,-0.4866174
676,1151,1646925439.953722,-0.5459173,-0.4817548
677,1152,1646925439.964697,-0.5502301,-0.4684659
678,1153,1646925439.97666,-0.5558533,-0.4545323
679,1154,1646925439.98763,-0.5594202,-0.4394237
680,1155,1646925439.998602,-0.5618351,-0.429735
681,1156,1646925440.01057,-0.5605994,-0.4194854
682,1157,1646925440.02154,-0.556316,-0.4145118
683,1158,1646925440.032027,-0.5511061,-0.4139988
684,1159,1646925440.043991,-0.5427549,-0.4179263
685,1160,1646925440.05596,-0.534269,-0.424718
686,1161,1646925440.066929,-0.5257143,-0.4345503
687,1162,1646925440.078898,-0.5200188,-0.4422408
688,1163,1646925440.089868,-0.5159839,-0.4514704
689,1164,1646925440.101837,-0.5161698,-0.458046
690,1165,1646925440.112808,-0.5189162,-0.4598663
691,1166,1646925440.124775,-0.5239288,-0.4593606
692,1167,1646925440.135746,-0.5290237,-0.4567062
693,1168,1646925440.148712,-0.5324852,-0.4538346
694,1169,1646925440.159683,-0.5342056,-0.4526291
695,1170,1646925440.170653,-0.533602,-0.4524376
696,1171,1646925440.182623,-0.530598,-0.4536517
697,1172,1646925440.193592,-0.5252433,-0.4569027
698,1173,1646925440.205563,-0.5189381,-0.4617267
699,1174,1646925440.215532,-0.5137904,-0.4666127
700,1175,1646925440.226504,-0.5089099,-0.4711427
701,1176,1646925440.236476,-0.5057681,-0.4731469
702,1177,1646925440.248447,-0.5038766,-0.4730429
703,1178,1646925440.259414,-0.5044956,-0.4719529
704,1179,1646925440.270386,-0.5049278,-0.4711332
705,1180,1646925440.282354,-0.5054747,-0.4701202
706,1181,1646925440.292327,-0.5070102,-0.4675808
707,1182,1646925440.303298,-0.5082672,-0.4655306
708,1183,1646925440.315267,-0.5083278,-0.4630216
709,1184,1646925440.326237,-0.5080017,-0.4621018
710,1185,1646925440.337207,-0.5073162,-0.4620366
711,1186,1646925440.349174,-0.5055285,-0.4634776
712,1187,1646925440.359148,-0.504386,-0.4650638
713,1188,1646925440.370119,-0.5032332,-0.4677652
714,1189,1646925440.382088,-0.5040895,-0.4705329
715,1190,1646925440.393058,-0.5049527,-0.4723228
716,1191,1646925440.404029,-0.5055639,-0.473664
717,1192,1646925440.415003,-0.5048454,-0.4740446
718,1193,1646925440.42597,-0.5046861,-0.4740534
719,1194,1646925440.436941,-0.5053549,-0.4748266
720,1195,1646925440.447914,-0.5065154,-0.4747634
721,1196,1646925440.460877,-0.5084114,-0.4747996
722,1197,1646925440.469852,-0.5098983,-0.4754223
723,1198,1646925440.481822,-0.5116559,-0.4755546
724,1199,1646925440.492791,-0.512241,-0.4763277
725,1200,1646925440.503762,-0.5119668,-0.4767363
726,1201,1646925440.514735,-0.5128043,-0.4774394
727,1202,1646925440.525703,-0.512335,-0.4787508
728,1203,1646925440.536674,-0.5119071,-0.4800782
729,1204,1646925440.548644,-0.5107663,-0.4799659
730,1205,1646925440.559613,-0.5113003,-0.4791489
731,1206,1646925440.570583,-0.5119267,-0.47812
732,1207,1646925440.581553,-0.5138811,-0.4749827
733,1208,1646925440.592524,-0.5161527,-0.4719298
734,1209,1646925440.603495,-0.518059,-0.4690254
735,1210,1646925440.615462,-0.5183361,-0.4671489
736,1211,1646925440.625436,-0.5182533,-0.4674092
737,1212,1646925440.637404,-0.5162408,-0.4701937
738,1213,1646925440.648375,-0.5129625,-0.474201
739,1214,1646925440.659346,-0.5117216,-0.4780452
740,1215,1646925440.670316,-0.5078407,-0.4828267
741,1216,1646925440.683281,-0.5052057,-0.4864422
742,1217,1646925440.692257,-0.5023506,-0.4893653
743,1218,1646925440.704226,-0.5003887,-0.4911165
744,1219,1646925440.715197,-0.497608,-0.4922554
745,1220,1646925440.726167,-0.4948567,-0.4914906
746,1221,1646925440.73614,-0.4919203,-0.4896127
747,1222,1646925440.74811,-0.4873534,-0.4874065
748,1223,1646925440.75908,-0.4838816,-0.4849456
749,1224,1646925440.77005,-0.4815627,-0.483086
750,1225,1646925440.78102,-0.4797719,-0.481232
751,1226,1646925440.791991,-0.4782648,-0.4781146
752,1227,1646925440.802961,-0.4777104,-0.4732481
753,1228,1646925440.81493,-0.4785001,-0.4678078
754,1229,1646925440.8259,-0.4792395,-0.4612858
755,1230,1646925440.836871,-0.478807,-0.456587
756,1231,1646925440.847841,-0.4813729,-0.4512527
757,1232,1646925440.858811,-0.4829677,-0.4468032
758,1233,1646925440.869783,-0.4849976,-0.4427781
759,1234,1646925440.88175,-0.4868087,-0.4390707
760,1235,1646925440.89272,-0.4878482,-0.43434
761,1236,1646925440.903693,-0.4895647,-0.4285278
762,1237,1646925440.914662,-0.4916583,-0.4232166
763,1238,1646925440.925632,-0.4945366,-0.4158188
764,1239,1646925440.9376,-0.4990734,-0.4058485
765,1240,1646925440.947575,-0.5052175,-0.3955854
766,1241,1646925440.959544,-0.5109666,-0.3855256
767,1242,1646925440.970513,-0.5185641,-0.3720005
768,1243,1646925440.981484,-0.5273606,-0.3583847
769,1244,1646925440.992455,-0.5368234,-0.3442152
770,1245,1646925441.003425,-0.5452688,-0.3301077
771,1246,1646925441.014395,-0.5531362,-0.3148233
772,1247,1646925441.026364,-0.5610441,-0.2964875
773,1248,1646925441.037455,-0.5681067,-0.2761922
774,1249,1646925441.047427,-0.5734246,-0.2452995
775,1250,1646925441.059395,-0.5796879,-0.2119273
776,1251,1646925441.069371,-0.5859461,-0.1736523
777,1252,1646925441.081337,-0.5926082,-0.1377467
778,1253,1646925441.092308,-0.598571,-0.09223568
779,1254,1646925441.104274,-0.6048627,-0.04625428
780,1255,1646925441.114248,-0.6105739,-0.001121283
781,1256,1646925441.125219,-0.6163602,0.040824
782,1257,1646925441.136189,-0.6213138,0.08325481
783,1258,1646925441.149157,-0.6270677,0.1209078
784,1259,1646925441.160127,-0.6309618,0.1546568
785,1260,1646925441.172095,-0.6366374,0.1822934
786,1261,1646925441.183066,-0.6410027,0.2077076
787,1262,1646925441.193039,-0.6447099,0.2238777
788,1263,1646925441.204008,-0.6484391,0.2363415
789,1264,1646925441.214979,-0.6500536,0.2445025
790,1265,1646925441.224952,-0.6519529,0.2518589
791,1266,1646925441.236922,-0.6538764,0.2600602
792,1267,1646925441.24789,-0.6571589,0.2647517
793,1268,1646925441.25886,-0.6600873,0.2762074
794,1269,1646925441.269831,-0.6636143,0.2856637
795,1270,1646925441.281843,-0.6678352,0.2967668
796,1271,1646925441.291773,-0.6730731,0.3093388
797,1272,1646925441.303741,-0.6786862,0.3236722
798,1273,1646925441.313713,-0.6828247,0.339813
799,1274,1646925441.325683,-0.6881052,0.3594706
800,1275,1646925441.336652,-0.692031,0.3821255
801,1276,1646925441.347624,-0.6948932,0.4077405
802,1277,1646925441.358593,-0.6960304,0.4334853
803,1278,1646925441.369564,-0.6965532,0.4638128
804,1279,1646925441.380535,-0.6961301,0.4919983
805,1280,1646925441.392504,-0.6908167,0.5219723
806,1281,1646925441.403475,-0.6830567,0.5454613
807,1282,1646925441.414445,-0.6756878,0.5673757
808,1283,1646925441.425417,-0.6657606,0.5854554
809,1284,1646925441.437186,-0.6580893,0.603673
810,1285,1646925441.448158,-0.6495824,0.6193686
811,1286,1646925441.459126,-0.6415411,0.6361808
812,1287,1646925441.470097,-0.635133,0.6527152
813,1288,1646925441.481069,-0.6291804,0.6666095
814,1289,1646925441.492038,-0.6256032,0.679745
815,1290,1646925441.504011,-0.6229076,0.6915598
816,1291,1646925441.513979,-0.6237761,0.698809
817,1292,1646925441.52495,-0.6273015,0.7042642
818,1293,1646925441.536441,-0.6314213,0.7077186
819,1294,1646925441.547412,-0.6368167,0.7081686
820,1295,1646925441.558382,-0.6401076,0.7096207
821,1296,1646925441.570352,-0.6453484,0.7010592
822,1297,1646925441.580324,-0.6484059,0.696142
823,1298,1646925441.592292,-0.6517956,0.6862394
824,1299,1646925441.603263,-0.6547807,0.6766651
825,1300,1646925441.614233,-0.6577197,0.6581452
826,1301,1646925441.625203,-0.6609183,0.6437995
827,1302,1646925441.63618,-0.6637775,0.6225832
828,1303,1646925441.647145,-0.6658759,0.6034905
829,1304,1646925441.659114,-0.6655986,0.5776697
830,1305,1646925441.670084,-0.6627733,0.5591712
831,1306,1646925441.681054,-0.6594935,0.542739
832,1307,1646925441.692025,-0.6548546,0.5298576
833,1308,1646925441.702997,-0.6482922,0.5182946
834,1309,1646925441.713967,-0.6433821,0.5079193
835,1310,1646925441.724937,-0.6377703,0.5006622
836,1311,1646925441.736905,-0.6305252,0.4971611
837,1312,1646925441.748872,-0.6247382,0.4996656
838,1313,1646925441.758848,-0.6176816,0.5016809
839,1314,1646925441.76982,-0.6104074,0.5119884
840,1315,1646925441.781786,-0.6037872,0.5199748
841,1316,1646925441.791758,-0.6000874,0.533805
842,1317,1646925441.802729,-0.5964383,0.5391476
843,1318,1646925441.814699,-0.5931397,0.5443478
844,1319,1646925441.82467,-0.5890615,0.5462192
845,1320,1646925441.836638,-0.583958,0.5470767
846,1321,1646925441.848609,-0.5784985,0.5420594
847,1322,1646925441.85858,-0.574499,0.5397882
848,1323,1646925441.86955,-0.5722851,0.5339589
849,1324,1646925441.881518,-0.5711046,0.5275817
850,1325,1646925441.891492,-0.5737429,0.5182856
851,1326,1646925441.903461,-0.5760724,0.5103068
852,1327,1646925441.914431,-0.5776628,0.5037302
853,1328,1646925441.925401,-0.5789254,0.4956732
854,1329,1646925441.937369,-0.5801582,0.4882976
855,1330,1646925441.948341,-0.5818812,0.4793677
856,1331,1646925441.958315,-0.5821736,0.4716178
857,1332,1646925441.970281,-0.5827693,0.4662154
858,1333,1646925441.981254,-0.5834709,0.4612999
859,1334,1646925441.991224,-0.5856045,0.4615715
860,1335,1646925442.003194,-0.5875014,0.4607799
861,1336,1646925442.015161,-0.5890148,0.4594886
862,1337,1646925442.025137,-0.5907709,0.4579655
863,1338,1646925442.037103,-0.5901468,0.458214
864,1339,1646925442.047075,-0.5885882,0.4590321
865,1340,1646925442.059044,-0.5865662,0.4605981
866,1341,1646925442.069017,-0.5839909,0.4668283
867,1342,1646925442.080987,-0.5820791,0.4753476
868,1343,1646925442.090959,-0.5820407,0.4848027
869,1344,1646925442.103928,-0.5860298,0.493926
870,1345,1646925442.113897,-0.5895795,0.5009117
871,1346,1646925442.12487,-0.5953481,0.5055048
872,1347,1646925442.135839,-0.5999547,0.5090923
873,1348,1646925442.149804,-0.6028562,0.5098293
874,1349,1646925442.159774,-0.6047768,0.5103674
875,1350,1646925442.170747,-0.6056598,0.5069289
876,1351,1646925442.182713,-0.6070597,0.5018318
877,1352,1646925442.191688,-0.6075139,0.4948208
878,1353,1646925442.203656,-0.6080571,0.485692
879,1354,1646925442.214628,-0.6087434,0.477495
880,1355,1646925442.2246,-0.6098213,0.4658008
881,1356,1646925442.236569,-0.6089255,0.4528999
882,1357,1646925442.248537,-0.6085099,0.4388084
883,1358,1646925442.258512,-0.6073859,0.424731
884,1359,1646925442.26948,-0.605162,0.4055523
885,1360,1646925442.280451,-0.6025702,0.3885059
886,1361,1646925442.291422,-0.5983532,0.3696615
887,1362,1646925442.303391,-0.5949247,0.3530684
888,1363,1646925442.314363,-0.5912881,0.3397876
889,1364,1646925442.325332,-0.5881495,0.3296282
890,1365,1646925442.335305,-0.5852216,0.3274814
891,1366,1646925442.347272,-0.584558,0.3317626
892,1367,1646925442.358243,-0.5861213,0.3411808
893,1368,1646925442.370215,-0.5883797,0.3498397
894,1369,1646925442.381183,-0.5926906,0.3662753
895,1370,1646925442.391156,-0.5976227,0.3880239
896,1371,1646925442.403123,-0.6015685,0.4104447
897,1372,1646925442.414093,-0.6055453,0.4332845
898,1373,1646925442.425065,-0.6115159,0.460875
899,1374,1646925442.437039,-0.6173205,0.491415
900,1375,1646925442.447005,-0.6239012,0.5253674
901,1376,1646925442.457977,-0.6295919,0.5564709
902,1377,1646925442.468947,-0.6417603,0.5929674
903,1378,1646925442.480916,-0.6524572,0.6229191
904,1379,1646925442.490893,-0.6661531,0.6492362
905,1380,1646925442.503855,-0.6792068,0.6740615
906,1381,1646925442.513827,-0.692978,0.6924341
907,1382,1646925442.524797,-0.7047182,0.7089202
908,1383,1646925442.535769,-0.7162476,0.7144505
909,1384,1646925442.547251,-0.7255601,0.7038527
910,1385,1646925442.558222,-0.7345616,0.6995916
911,1386,1646925442.57019,-0.7411677,0.6811507
912,1387,1646925442.58116,-0.7478954,0.6644131
913,1388,1646925442.591134,-0.7496967,0.6264741
914,1389,1646925442.602109,-0.7534444,0.6018715
915,1390,1646925442.613075,-0.7532952,0.5699704
916,1391,1646925442.625042,-0.7525,0.5436563
917,1392,1646925442.636014,-0.7490847,0.5207585
918,1393,1646925442.647459,-0.7442265,0.5037736
919,1394,1646925442.659427,-0.7402731,0.4896371
920,1395,1646925442.669401,-0.7347729,0.4842844
921,1396,1646925442.681369,-0.7295628,0.4830656
922,1397,1646925442.691342,-0.7234315,0.4874253
923,1398,1646925442.70331,-0.7170166,0.4952381
924,1399,1646925442.714281,-0.710373,0.5030899
925,1400,1646925442.725251,-0.7000183,0.5175748
926,1401,1646925442.736221,-0.6888784,0.5348969
927,1402,1646925442.748454,-0.6778795,0.5529376
928,1403,1646925442.758428,-0.668394,0.5671337
929,1404,1646925442.769397,-0.6613528,0.5838897
930,1405,1646925442.780368,-0.6560369,0.5960674
931,1406,1646925442.791339,-0.6513149,0.6033387
932,1407,1646925442.802309,-0.6475995,0.6087284
933,1408,1646925442.814281,-0.6420057,0.6075121
934,1409,1646925442.82525,-0.6348846,0.6027123
935,1410,1646925442.836219,-0.6262418,0.5958401
936,1411,1646925442.851529,-0.6184872,0.5879672
937,1412,1646925442.857513,-0.6121694,0.5818002
938,1413,1646925442.869481,-0.6080589,0.5729237
939,1414,1646925442.880458,-0.6079838,0.5636978
940,1415,1646925442.891422,-0.6095359,0.5532833
941,1416,1646925442.904391,-0.6122805,0.5425347
942,1417,1646925442.914362,-0.6140075,0.5314014
943,1418,1646925442.925332,-0.6169431,0.5181046
944,1419,1646925442.935309,-0.6192152,0.5064172
945,1420,1646925442.946907,-0.6211689,0.4958544
946,1421,1646925442.957878,-0.6229844,0.4864535
947,1422,1646925442.969847,-0.6269864,0.4796739
948,1423,1646925442.980816,-0.6292403,0.4732566
949,1424,1646925442.990796,-0.6310988,0.4733682
950,1425,1646925443.002759,-0.6325109,0.4716437
951,1426,1646925443.013729,-0.6325477,0.4739017
952,1427,1646925443.0247,-0.6313984,0.4766567
953,1428,1646925443.035671,-0.6286606,0.4793584
954,1429,1646925443.047436,-0.626094,0.4811096
955,1430,1646925443.058406,-0.6217596,0.4833684
956,1431,1646925443.069377,-0.616927,0.4855683
957,1432,1646925443.081344,-0.6131415,0.4879535
958,1433,1646925443.091317,-0.6075165,0.4899349
959,1434,1646925443.103291,-0.6026531,0.4933772
960,1435,1646925443.114257,-0.5961986,0.4980352
961,1436,1646925443.125229,-0.5889081,0.5038518
962,1437,1646925443.136199,-0.5812234,0.5087283
963,1438,1646925443.148166,-0.5725559,0.5140631
964,1439,1646925443.159138,-0.5649351,0.5175509
965,1440,1646925443.171107,-0.5547221,0.5194403
966,1441,1646925443.181079,-0.5429527,0.5187154
967,1442,1646925443.192049,-0.531534,0.5181242
968,1443,1646925443.203019,-0.5187211,0.5145493
969,1444,1646925443.214986,-0.5063915,0.5101656
970,1445,1646925443.224964,-0.4934473,0.5059361
971,1446,1646925443.235932,-0.4815133,0.5031289
972,1447,1646925443.24592,-0.4713495,0.4989636
973,1448,1646925443.25689,-0.462504,0.4965005
974,1449,1646925443.268854,-0.457149,0.4949796
975,1450,1646925443.280822,-0.4536505,0.4950269
976,1451,1646925443.290794,-0.4510107,0.4986098
977,1452,1646925443.302765,-0.4486626,0.5022951
978,1453,1646925443.312738,-0.4483823,0.5102966
979,1454,1646925443.323711,-0.4510974,0.5254344
980,1455,1646925443.335675,-0.4500357,0.5348082
981,1456,1646925443.347653,-0.4548287,0.5567824
982,1457,1646925443.357622,-0.4576724,0.5733224
983,1458,1646925443.368596,-0.4637491,0.5943992
984,1459,1646925443.379563,-0.4707848,0.6141018
985,1460,1646925443.390534,-0.479964,0.6319611
986,1461,1646925443.402503,-0.4906883,0.6496028
987,1462,1646925443.413473,-0.4999173,0.6653554
988,1463,1646925443.424443,-0.5093844,0.6787719
989,1464,1646925443.435419,-0.5173861,0.6888173
990,1465,1646925443.446385,-0.5235359,0.6907496
991,1466,1646925443.457355,-0.5301488,0.6949759
992,1467,1646925443.469324,-0.536398,0.691938
993,1468,1646925443.480294,-0.5437156,0.6871743
994,1469,1646925443.490271,-0.552412,0.6781226
995,1470,1646925443.502237,-0.5597371,0.6666873
996,1471,1646925443.513205,-0.5642813,0.6567467
997,1472,1646925443.524177,-0.5651664,0.6438084
998,1473,1646925443.535147,-0.5654211,0.634784
999,1474,1646925443.547115,-0.558054,0.6232316
1000,1475,1646925443.557089,-0.5521237,0.6152472
1001,1476,1646925443.569057,-0.5476503,0.6072963
1002,1477,1646925443.580028,-0.5385377,0.6012925
1003,1478,1646925443.591996,-0.5301901,0.5973525
1004,1479,1646925443.602967,-0.5152921,0.6002605
1005,1480,1646925443.613936,-0.5027754,0.6021909
1006,1481,1646925443.624908,-0.4809496,0.615519
1007,1482,1646925443.636874,-0.4674572,0.6202464
1008,1483,1646925443.646847,-0.4485927,0.6382494
1009,1484,1646925443.657818,-0.4336111,0.6501417
1010,1485,1646925443.669787,-0.4191298,0.6643521
1011,1486,1646925443.681754,-0.4042611,0.6765065
1012,1487,1646925443.690731,-0.3893216,0.6872314
1013,1488,1646925443.703696,-0.3747991,0.6967915
1014,1489,1646925443.713674,-0.3620297,0.7067487
1015,1490,1646925443.72464,-0.3524944,0.7157974
1016,1491,1646925443.73561,-0.343196,0.7245078
1017,1492,1646925443.747579,-0.3382638,0.732728
1018,1493,1646925443.757552,-0.3313763,0.7409567
1019,1494,1646925443.769522,-0.329531,0.7488214
1020,1495,1646925443.779493,-0.3265944,0.7573977
1021,1496,1646925443.790468,-0.3303874,0.7669505
1022,1497,1646925443.802431,-0.3300761,0.7759335
1023,1498,1646925443.813404,-0.333432,0.7851027
1024,1499,1646925443.824373,-0.3356595,0.7940593
1025,1500,1646925443.835344,-0.3367179,0.8036546
1026,1501,1646925443.846315,-0.334872,0.815779
1027,1502,1646925443.857285,-0.3280535,0.8286164
1028,1503,1646925443.868256,-0.3172286,0.8438547
1029,1504,1646925443.880224,-0.3022349,0.8590446
1030,1505,1646925443.891194,-0.283323,0.8770571
1031,1506,1646925443.903165,-0.2658843,0.8962499
1032,1507,1646925443.913135,-0.2452576,0.9200431
1033,1508,1646925443.924107,-0.2274225,0.944472
1034,1509,1646925443.935077,-0.2104579,0.9713072
1035,1510,1646925444.246245,0.3157526,0.9864237
1036,1511,1646925444.257215,0.3116105,0.9391052
1037,1512,1646925444.268187,0.3038031,0.8811408
1038,1513,1646925444.280155,0.299633,0.8247396
1039,1514,1646925444.290128,0.3023825,0.7654037
1040,1515,1646925444.302097,0.3127191,0.7080421
1041,1516,1646925444.313067,0.3190316,0.654687
1042,1517,1646925444.324037,0.3292833,0.6111825
1043,1518,1646925444.335007,0.3379672,0.576412
1044,1519,1646925444.346977,0.3421392,0.544812
1045,1520,1646925444.35695,0.3417488,0.528293
1046,1521,1646925444.368918,0.3331017,0.5225266
1047,1522,1646925444.379888,0.3219822,0.5124876
1048,1523,1646925444.390858,0.2938362,0.5302701
1049,1524,1646925444.401829,0.2724365,0.5347798
1050,1525,1646925444.4128,0.248646,0.5429552
1051,1526,1646925444.423771,0.2128919,0.5739045
1052,1527,1646925444.43474,0.1863805,0.5916269
1053,1528,1646925444.446711,0.1547508,0.6239195
1054,1529,1646925444.457438,0.1270612,0.6577551
1055,1530,1646925444.46841,0.1015711,0.6941963
1056,1531,1646925444.480379,0.08044052,0.7250718
1057,1532,1646925444.490352,0.06391668,0.7608792
1058,1533,1646925444.501324,0.05723834,0.7931514
1059,1534,1646925444.51329,0.05962309,0.8276089
1060,1535,1646925444.524263,0.07399535,0.8672091
1061,1536,1646925444.546203,0.0972176,0.9094601
1062,1537,1646925444.549194,0.1169385,0.9500122
1063,1538,1646925444.557173,0.1448305,0.9904586
1064,1539,1646925445.879903,0.9809816,0.9279636
1065,1540,1646925445.889875,0.9801861,0.8256706
1066,1541,1646925445.900846,0.9749567,0.7399857
1067,1542,1646925445.912815,0.9627551,0.6622846
1068,1543,1646925445.922791,0.9245022,0.6415044
1069,1544,1646925445.934756,0.892149,0.6136795
1070,1545,1646925445.946727,0.844564,0.6495159
1071,1546,1646925445.956698,0.8025334,0.6798309
1072,1547,1646925445.967459,0.7457544,0.7738841
1073,1548,1646925445.979428,0.6818021,0.9073591
1074,1549,1646925445.989433,0.6277669,0.9880239
1075,1550,1646925446.323428,-0.7467692,0.988022
1076,1551,1646925446.333403,-0.7132491,0.9583998
1077,1552,1646925446.346369,-0.6933205,0.9269936
1078,1553,1646925446.356338,-0.66374,0.9018986
1079,1554,1646925446.367309,-0.6422317,0.8778471
1080,1555,1646925446.379277,-0.6084436,0.8685386
1081,1556,1646925446.38925,-0.5798991,0.8599983
1082,1557,1646925446.400224,-0.5540181,0.8520943
1083,1558,1646925446.41219,-0.5296533,0.8470651
1084,1559,1646925446.423159,-0.5099766,0.8364249
1085,1560,1646925446.43413,-0.502901,0.8144293
1086,1561,1646925446.446098,-0.4934344,0.788379
1087,1562,1646925446.456072,-0.4909608,0.749123
1088,1563,1646925446.467042,-0.4868742,0.710004
1089,1564,1646925446.479011,-0.4902859,0.6560512
1090,1565,1646925446.489982,-0.4860168,0.6113919
1091,1566,1646925446.500952,-0.480297,0.568001
1092,1567,1646925446.511922,-0.480712,0.5145832
1093,1568,1646925446.522892,-0.4829955,0.4665868
1094,1569,1646925446.533863,-0.4811571,0.4327457
1095,1570,1646925446.545831,-0.4777855,0.3975945
1096,1571,1646925446.556803,-0.4662682,0.3890619
1097,1572,1646925446.567778,-0.4532184,0.3777301
1098,1573,1646925446.578743,-0.4332219,0.3890395
1099,1574,1646925446.589715,-0.4099167,0.4142911
1100,1575,1646925446.600684,-0.3861523,0.459963
1101,1576,1646925446.612653,-0.3659652,0.5129951
1102,1577,1646925446.622625,-0.3551953,0.5702683
1103,1578,1646925446.633596,-0.3473565,0.616989
1104,1579,1646925446.645565,-0.3456223,0.6684746
1105,1580,1646925446.656545,-0.3431886,0.7159276
1106,1581,1646925446.667506,-0.335788,0.7571826
1107,1582,1646925446.679475,-0.3288706,0.7959695
1108,1583,1646925446.689446,-0.3220854,0.8246183
1109,1584,1646925446.701415,-0.3167251,0.8441547
1110,1585,1646925446.712386,-0.3109242,0.8628552
1111,1586,1646925446.724354,-0.3066428,0.8658043
1112,1587,1646925446.734328,-0.3065294,0.8637738
1113,1588,1646925446.746294,-0.3103043,0.856087
1114,1589,1646925446.756268,-0.3134961,0.8516114
1115,1590,1646925446.767239,-0.3207468,0.8387215
1116,1591,1646925446.77821,-0.3316568,0.8207928
1117,1592,1646925446.790179,-0.3354539,0.8126377
1118,1593,1646925446.801148,-0.3371364,0.8017497
1119,1594,1646925446.813117,-0.330247,0.7942812
1120,1595,1646925446.823089,-0.3195603,0.7884731
1121,1596,1646925446.83406,-0.2883342,0.7850047
1122,1597,1646925446.845031,-0.2409322,0.7820959
1123,1598,1646925446.857,-0.1782808,0.7794414
1124,1599,1646925446.86797,-0.1098432,0.7792995
1125,1600,1646925446.878941,-0.04755807,0.7807851
1126,1601,1646925446.889912,0.02018134,0.7879683
1127,1602,1646925446.900882,0.08696549,0.7937312
1128,1603,1646925446.911851,0.1493876,0.7953562
1129,1604,1646925446.923821,0.2096372,0.7947553
1130,1605,1646925446.933793,0.2704758,0.7884674
1131,1606,1646925446.946759,0.3326482,0.776824
1132,1607,1646925446.955741,0.3950597,0.7642329
1133,1608,1646925446.966709,0.4632449,0.7422014
1134,1609,1646925446.978673,0.536081,0.7161691
1135,1610,1646925446.990642,0.610557,0.6857791
1136,1611,1646925447.000614,0.6868317,0.6531355
1137,1612,1646925447.01159,0.7602395,0.6245861
1138,1613,1646925447.022556,0.8309636,0.5996705
1139,1614,1646925447.034524,0.8944255,0.5763865
1140,1615,1646925447.045494,0.9456339,0.5586576
1141,1616,1646925447.056465,0.9943843,0.5407859
1142,1617,1646925447.067436,1.02649,0.5290228
1143,1618,1646925447.079406,1.049739,0.5168072
1144,1619,1646925447.089378,1.070987,0.5025463
1145,1620,1646925447.100348,1.092466,0.4886919
1146,1621,1646925447.112316,1.123357,0.4745774
1147,1622,1646925447.123287,1.151921,0.4591725
1148,1623,1646925447.134258,1.183158,0.4407785
1149,1624,1646925447.146227,1.214571,0.42167
1150,1625,1646925447.158197,1.248537,0.4025005
1151,1626,1646925447.168167,1.286131,0.380965
1152,1627,1646925447.180135,1.33009,0.3549904
1153,1628,1646925447.190108,1.383703,0.3280981
1154,1629,1646925447.201078,1.44572,0.3027303
1155,1630,1646925447.855539,1.436977,-0.3273916
1156,1631,1646925447.866501,1.295926,-0.3524868
1157,1632,1646925447.878469,1.159237,-0.3724337
1158,1633,1646925447.88944,1.039884,-0.3919363
1159,1634,1646925447.90041,0.9285626,-0.4028604
1160,1635,1646925447.911382,0.8310229,-0.4083469
1161,1636,1646925447.922352,0.7395069,-0.4132397
1162,1637,1646925447.933323,0.6635929,-0.4081021
1163,1638,1646925447.945292,0.5931742,-0.3920825
1164,1639,1646925447.955264,0.524025,-0.367548
1165,1640,1646925447.967232,0.4520712,-0.3460855
1166,1641,1646925447.978202,0.3790219,-0.3021902
1167,1642,1646925447.989172,0.3001657,-0.2707853
1168,1643,1646925448.000143,0.2187358,-0.2209923
1169,1644,1646925448.011115,0.1449061,-0.1745393
1170,1645,1646925448.022084,0.06757057,-0.09671533
1171,1646,1646925448.033056,-0.01072383,-0.03524971
1172,1647,1646925448.045024,-0.0938774,0.0390656
1173,1648,1646925448.055995,-0.1791501,0.1134994
1174,1649,1646925448.066965,-0.2628499,0.1782118
1175,1650,1646925448.077936,-0.3462278,0.2449353
1176,1651,1646925448.088906,-0.4253606,0.3000665
1177,1652,1646925448.100873,-0.4978069,0.3481722
1178,1653,1646925448.111846,-0.5606088,0.388412
1179,1654,1646925448.122815,-0.6144688,0.4221768
1180,1655,1646925448.132792,-0.6675829,0.4568409
1181,1656,1646925448.145756,-0.7137296,0.4883168
1182,1657,1646925448.15773,-0.7429562,0.5147871
1183,1658,1646925448.167696,-0.7598505,0.5456206
1184,1659,1646925448.179664,-0.7685217,0.580096
1185,1660,1646925448.189641,-0.7829964,0.6180574
1186,1661,1646925448.201605,-0.7713025,0.6623988
1187,1662,1646925448.21158,-0.7782283,0.7035166
1188,1663,1646925448.222549,-0.7760105,0.7465025
1189,1664,1646925448.234517,-0.7749796,0.7838907
1190,1665,1646925448.24449,-0.77171,0.8158437
1191,1666,1646925448.255461,-0.7616535,0.8388059
1192,1667,1646925448.266431,-0.7516419,0.8608327
1193,1668,1646925448.277404,-0.72574,0.8700808
1194,1669,1646925448.288373,-0.7036293,0.8774133
1195,1670,1646925448.300343,-0.6682361,0.8674393
1196,1671,1646925448.311311,-0.6174881,0.8326732
1197,1672,1646925448.322282,-0.5771992,0.8111407
1198,1673,1646925448.333253,-0.5253223,0.7660786
1199,1674,1646925448.345221,-0.4716218,0.7141838
1200,1675,1646925448.355193,-0.4217061,0.6655546
1201,1676,1646925448.366164,-0.3657471,0.6035264
1202,1677,1646925448.378132,-0.3112717,0.5426357
1203,1678,1646925448.389103,-0.2568579,0.4916975
1204,1679,1646925448.400074,-0.2021813,0.4524221
1205,1680,1646925448.411047,-0.1486515,0.4234502
1206,1681,1646925448.422015,-0.09858294,0.3981771
1207,1682,1646925448.432986,-0.0549556,0.3853145
1208,1683,1646925448.444953,-0.01734392,0.3725268
1209,1684,1646925448.455926,0.0006944239,0.3766663
1210,1685,1646925448.465898,0.004558146,0.3912718
1211,1686,1646925448.477866,-0.002549887,0.4138881
1212,1687,1646925448.488836,-0.01555583,0.4378715
1213,1688,1646925448.499807,-0.02093419,0.4547129
1214,1689,1646925448.510778,-0.03255925,0.472414
1215,1690,1646925448.521748,-0.02988195,0.4803731
1216,1691,1646925448.533715,-0.01851837,0.47769
1217,1692,1646925448.544687,0.003114045,0.4666036
1218,1693,1646925448.555662,0.03462017,0.4443783
1219,1694,1646925448.566628,0.06855655,0.4228829
1220,1695,1646925448.577599,0.1238679,0.3873665
1221,1696,1646925448.588569,0.1855931,0.3492308
1222,1697,1646925448.600538,0.2448475,0.3128335
1223,1698,1646925448.611508,0.2917976,0.2846835
1224,1699,1646925448.622478,0.3363895,0.2618628
1225,1700,1646925448.633449,0.3764756,0.2468784
1226,1701,1646925448.644421,0.4130048,0.2380695
1227,1702,1646925448.655392,0.4568172,0.2340698
1228,1703,1646925448.666361,0.5054166,0.2256078
1229,1704,1646925448.678331,0.5625658,0.2180393
1230,1705,1646925448.689299,0.6202784,0.2033052
1231,1706,1646925448.700271,0.6882881,0.1798092
1232,1707,1646925448.712238,0.7627804,0.1487094
1233,1708,1646925448.722211,0.8384192,0.1133209
1234,1709,1646925448.733183,0.912595,0.07931054
1235,1710,1646925448.745151,0.9885911,0.03936136
1236,1711,1646925448.755124,1.064157,-0.002558708
1237,1712,1646925448.766094,1.136272,-0.043262
1238,1713,1646925448.778062,1.202862,-0.08678496
1239,1714,1646925448.789034,1.260144,-0.1274111
1240,1715,1646925448.800005,1.31212,-0.1648521
1241,1716,1646925448.810976,1.36299,-0.2036042
1242,1717,1646925448.821945,1.41732,-0.2434853
1243,1718,1646925448.832916,1.478901,-0.2846136
1244,1719,1646925449.044031,1.498948,-0.05932963
1245,1720,1646925449.055002,1.446797,-0.07815146
1246,1721,1646925449.066969,1.399584,-0.0847795
1247,1722,1646925449.077941,1.35613,-0.1030107
1248,1723,1646925449.088912,1.323735,-0.1183853
1249,1724,1646925449.099881,1.302584,-0.1336987
1250,1725,1646925449.110854,1.283786,-0.145681
1251,1726,1646925449.121823,1.290993,-0.1595449
1252,1727,1646925449.133791,1.314545,-0.1644745
1253,1728,1646925449.145761,1.343851,-0.1540618
1254,1729,1646925449.157728,1.363358,-0.1385165
1255,1730,1646925449.167701,1.389742,-0.1014887
1256,1731,1646925449.178672,1.411942,-0.05835664
1257,1732,1646925449.189643,1.429507,-0.02134407
1258,1733,1646925449.199617,1.453768,0.02176762
1259,1734,1646925449.210585,1.489019,0.05860698
1260,1735,1646925449.52088,1.484471,0.1034915
1261,1736,1646925449.532848,1.424682,0.1713436
1262,1737,1646925449.592688,1.348356,0.240471
1263,1738,1646925449.594684,1.264693,0.3053674
1264,1739,1646925449.599669,0.881781,0.5104918
1265,1740,1646925449.605653,0.7790503,0.548522
1266,1741,1646925449.617625,0.6694876,0.5836385
1267,1742,1646925449.627593,0.5564681,0.6137878
1268,1743,1646925449.639563,0.4191033,0.628539
1269,1744,1646925449.649565,0.2973618,0.6475199
1270,1745,1646925449.661504,0.1692696,0.652035
1271,1746,1646925449.671481,0.04593126,0.648665
1272,1747,1646925449.684443,-0.06996202,0.6464339
1273,1748,1646925449.694415,-0.1798198,0.6333339
1274,1749,1646925449.706385,-0.2809696,0.6179582
1275,1750,1646925449.716357,-0.3722372,0.6031958
1276,1751,1646925449.727327,-0.4555736,0.5869679
1277,1752,1646925449.738298,-0.5304539,0.573071
1278,1753,1646925449.750271,-0.6061721,0.5597895
1279,1754,1646925449.761237,-0.6634344,0.5448662
1280,1755,1646925449.772209,-0.7196272,0.5284512
1281,1756,1646925449.783177,-0.765461,0.5101023
1282,1757,1646925449.794149,-0.8009833,0.4882703
1283,1758,1646925449.805119,-0.8371257,0.4667703
1284,1759,1646925449.817088,-0.8532585,0.4419422
1285,1760,1646925449.82706,-0.8572143,0.421312
1286,1761,1646925449.839033,-0.8504466,0.4064119
1287,1762,1646925449.849999,-0.8496709,0.3950171
1288,1763,1646925449.860971,-0.8290982,0.393483
1289,1764,1646925449.871941,-0.8025351,0.3999395
1290,1765,1646925449.883929,-0.764104,0.4112444
1291,1766,1646925449.894886,-0.731209,0.4174819
1292,1767,1646925449.905851,-0.680482,0.4268634
1293,1768,1646925449.916821,-0.6272071,0.4329548
1294,1769,1646925449.927792,-0.5693398,0.4367794
1295,1770,1646925449.938762,-0.5167752,0.4392192
1296,1771,1646925449.950731,-0.4548573,0.4358382
1297,1772,1646925449.960703,-0.3977606,0.4306219
1298,1773,1646925449.971676,-0.3316147,0.4134705
1299,1774,1646925449.98265,-0.2643485,0.3832047
1300,1775,1646925449.994613,-0.2069214,0.3631477
1301,1776,1646925450.005584,-0.1508945,0.3350505
1302,1777,1646925450.016555,-0.09673682,0.3127744
1303,1778,1646925450.027525,-0.04707402,0.2906476
1304,1779,1646925450.038501,0.0004448891,0.2726318
1305,1780,1646925450.049466,0.04389676,0.2554941
1306,1781,1646925450.060437,0.08626454,0.2402682
1307,1782,1646925450.071411,0.1289917,0.2237207
1308,1783,1646925450.083378,0.1739938,0.2069765
1309,1784,1646925450.094347,0.2204903,0.1885009
1310,1785,1646925450.105321,0.2684984,0.1700717
1311,1786,1646925450.116287,0.3183111,0.1513485
1312,1787,1646925450.127258,0.3707376,0.1320691
1313,1788,1646925450.139228,0.4169399,0.1221287
1314,1789,1646925450.150197,0.4542711,0.1240442
1315,1790,1646925450.162164,0.4788014,0.1377438
1316,1791,1646925450.173138,0.5017615,0.1475916
1317,1792,1646925450.185105,0.5037462,0.1794459
1318,1793,1646925450.195078,0.5213514,0.1940206
1319,1794,1646925450.206048,0.5363386,0.2123796
1320,1795,1646925450.218016,0.5654748,0.2228765
1321,1796,1646925450.227988,0.6019105,0.2288655
1322,1797,1646925450.239958,0.6604701,0.2219571
1323,1798,1646925450.251924,0.7138184,0.2176152
1324,1799,1646925450.264891,0.7879086,0.2001106
1325,1800,1646925450.274868,0.8505911,0.1873732
1326,1801,1646925450.287829,0.9262623,0.1615043
1327,1802,1646925450.298799,0.9948717,0.1413949
1328,1803,1646925450.310766,1.062371,0.1262029
1329,1804,1646925450.321738,1.127646,0.1148021
1330,1805,1646925450.332708,1.193375,0.1109343
1331,1806,1646925450.343679,1.256404,0.1040297
1332,1807,1646925450.35465,1.310436,0.1038506
1333,1808,1646925450.36563,1.359973,0.1094738
1334,1809,1646925450.377588,1.402223,0.1173086
1335,1810,1646925450.388559,1.436074,0.1270368
1336,1811,1646925450.399103,1.472473,0.1340649
1337,1812,1646925450.410074,1.494037,0.1478107
1338,1813,1646925450.421044,1.492692,0.1676984
1339,1814,1646925450.444981,1.48812,0.2000266
1340,1815,1646925450.454954,1.477241,0.2151502
1341,1816,1646925450.465924,1.446507,0.2277039
1342,1817,1646925450.476894,1.425726,0.2388629
1343,1818,1646925450.487865,1.381135,0.2440271
1344,1819,1646925450.498429,1.353416,0.2529528
1345,1820,1646925450.511394,1.319746,0.2685021
1346,1821,1646925450.521367,1.287802,0.2954254
1347,1822,1646925450.532338,1.262982,0.3257356
1348,1823,1646925450.543308,1.249802,0.3810631
1349,1824,1646925450.55429,1.2434,0.423154
1350,1825,1646925450.566249,1.261825,0.4812599
1351,1826,1646925450.577219,1.29987,0.5424856
1352,1827,1646925450.588189,1.335051,0.5973347
1353,1828,1646925450.600158,1.392783,0.6631417
1354,1829,1646925450.61013,1.453492,0.7337339
1355,1830,1646925450.876213,1.454868,0.3594897
1356,1831,1646925450.888182,1.414417,0.3387791
1357,1832,1646925450.899474,1.375999,0.3167633
1358,1833,1646925450.91144,1.347474,0.3157163
1359,1834,1646925450.921414,1.325133,0.3240767
1360,1835,1646925450.932385,1.300408,0.33472
1361,1836,1646925450.943355,1.282719,0.3674343
1362,1837,1646925450.955325,1.263441,0.4108981
1363,1838,1646925450.965297,1.243967,0.4598392
1364,1839,1646925450.977265,1.2214,0.5111409
1365,1840,1646925450.987242,1.199879,0.5625122
1366,1841,1646925450.998442,1.177319,0.6034414
1367,1842,1646925451.009416,1.158453,0.6483803
1368,1843,1646925451.02138,1.142257,0.6860875
1369,1844,1646925451.032351,1.126649,0.7181631
1370,1845,1646925451.043321,1.114347,0.7409425
1371,1846,1646925451.054292,1.102041,0.7551353
1372,1847,1646925451.066262,1.087189,0.7605081
1373,1848,1646925451.076234,1.070994,0.756779
1374,1849,1646925451.088202,1.057065,0.7445695
1375,1850,1646925451.099171,1.045518,0.7240003
1376,1851,1646925451.110144,1.03601,0.7077168
1377,1852,1646925451.121113,1.029212,0.6773628
1378,1853,1646925451.132085,1.019864,0.653192
1379,1854,1646925451.144052,1.010103,0.6187187
1380,1855,1646925451.156022,0.9943988,0.5793626
1381,1856,1646925451.165994,0.9796348,0.5482715
1382,1857,1646925451.176967,0.9663718,0.5143404
1383,1858,1646925451.187935,0.959146,0.4823813
1384,1859,1646925451.19942,0.9552555,0.4529921
1385,1860,1646925451.210391,0.9513579,0.4261166
1386,1861,1646925451.222356,0.9490646,0.4042917
1387,1862,1646925451.232329,0.9380708,0.3824039
1388,1863,1646925451.244299,0.9254199,0.3651795
1389,1864,1646925451.254271,0.9141855,0.3597934
1390,1865,1646925451.265242,0.9065087,0.3602926
1391,1866,1646925451.276215,0.8961716,0.3651521
1392,1867,1646925451.288181,0.884207,0.372121
1393,1868,1646925451.299151,0.8722317,0.3856888
1394,1869,1646925451.310121,0.8611572,0.395246
1395,1870,1646925451.321092,0.8488759,0.4127281
1396,1871,1646925451.33306,0.8338911,0.4309306
1397,1872,1646925451.344031,0.8171509,0.4481207
1398,1873,1646925451.355998,0.7978254,0.4652157
1399,1874,1646925451.364975,0.7783239,0.4789833
1400,1875,1646925451.376943,0.7585918,0.4913311
1401,1876,1646925451.387914,0.7365325,0.5018252
1402,1877,1646925451.398884,0.7153667,0.5116837
1403,1878,1646925451.409855,0.693109,0.5177475
1404,1879,1646925451.421823,0.6714908,0.5199157
1405,1880,1646925451.431796,0.6521274,0.5224602
1406,1881,1646925451.443765,0.6330387,0.5183481
1407,1882,1646925451.453741,0.613916,0.5161692
1408,1883,1646925451.465706,0.5970111,0.5131369
1409,1884,1646925451.476676,0.5811127,0.5122007
1410,1885,1646925451.488645,0.5699706,0.5064833
1411,1886,1646925451.498617,0.5582433,0.5029702
1412,1887,1646925451.510586,0.5510092,0.4982826
1413,1888,1646925451.520559,0.548564,0.4937922
1414,1889,1646925451.531529,0.545185,0.4887588
1415,1890,1646925451.543498,0.5493879,0.4811368
1416,1891,1646925451.555466,0.5590908,0.4763004
1417,1892,1646925451.565438,0.5709943,0.4741902
1418,1893,1646925451.577409,0.5778279,0.4731238
1419,1894,1646925451.587379,0.5873848,0.4737362
1420,1895,1646925451.599348,0.5937787,0.4748397
1421,1896,1646925451.60932,0.5980512,0.4771225
1422,1897,1646925451.622288,0.5996402,0.4807026
1423,1898,1646925451.632261,0.6028726,0.4833486
1424,1899,1646925451.644228,0.6024274,0.4907736
1425,1900,1646925451.654202,0.6044688,0.4973829
1426,1901,1646925451.666172,0.6034558,0.5027659
1427,1902,1646925451.676143,0.6015849,0.5054436
1428,1903,1646925451.688113,0.5920781,0.5005599
1429,1904,1646925451.699081,0.5853085,0.4937013
1430,1905,1646925451.71105,0.5806108,0.4881866
1431,1906,1646925451.721022,0.5767631,0.4804481
1432,1907,1646925451.732991,0.5740806,0.4749312
1433,1908,1646925451.743962,0.5717267,0.470576
1434,1909,1646925451.75593,0.5659865,0.4692326
1435,1910,1646925451.765903,0.5579196,0.4709349
1436,1911,1646925451.776874,0.5500363,0.4762748
1437,1912,1646925451.787844,0.5461761,0.4818392
1438,1913,1646925451.798816,0.5446011,0.4888935
1439,1914,1646925451.809785,0.5418535,0.4948771
1440,1915,1646925451.821755,0.5377645,0.506605
1441,1916,1646925451.831727,0.5321704,0.5174526
1442,1917,1646925451.844693,0.5225096,0.5339737
1443,1918,1646925451.853677,0.5087647,0.5490806
1444,1919,1646925451.865644,0.493924,0.5605798
1445,1920,1646925451.876608,0.4789969,0.5693675
1446,1921,1646925451.887577,0.463455,0.5723747
1447,1922,1646925451.898548,0.4482295,0.5691211
1448,1923,1646925451.909519,0.4349439,0.5641658
1449,1924,1646925451.92049,0.4226654,0.5523058
1450,1925,1646925451.93146,0.4103894,0.5428152
1451,1926,1646925451.942434,0.397432,0.5290995
1452,1927,1646925451.9544,0.3838854,0.5176739
1453,1928,1646925451.965369,0.3703939,0.5061032
1454,1929,1646925451.977338,0.3587849,0.4956365
1455,1930,1646925451.987311,0.3500949,0.4856646
1456,1931,1646925451.998281,0.3459238,0.4792011
1457,1932,1646925452.009251,0.3399255,0.4745655
1458,1933,1646925452.02122,0.3376077,0.4750315
1459,1934,1646925452.032191,0.3351914,0.4801999
1460,1935,1646925452.04416,0.3316131,0.4848872
1461,1936,1646925452.054132,0.3330048,0.4955925
1462,1937,1646925452.065102,0.3386432,0.5063068
1463,1938,1646925452.076074,0.3488098,0.5146343
1464,1939,1646925452.087043,0.364367,0.5218903
1465,1940,1646925452.099011,0.3803377,0.5283887
1466,1941,1646925452.110026,0.3952213,0.53356
1467,1942,1646925452.120996,0.4064974,0.5389017
1468,1943,1646925452.131966,0.41861,0.5450672
1469,1944,1646925452.143935,0.4292205,0.5500779
1470,1945,1646925452.154905,0.4380347,0.553476
1471,1946,1646925452.166878,0.4449605,0.5537382
1472,1947,1646925452.177843,0.4507217,0.5518796
1473,1948,1646925452.188813,0.4547979,0.5408301
1474,1949,1646925452.199788,0.4575054,0.5263499
1475,1950,1646925452.210418,0.4597163,0.5111972
1476,1951,1646925452.221389,0.460498,0.4967577
1477,1952,1646925452.231361,0.4604129,0.4850135
1478,1953,1646925452.243331,0.4592843,0.4762553
1479,1954,1646925452.2543,0.4570272,0.4692193
1480,1955,1646925452.265271,0.4531565,0.466767
1481,1956,1646925452.276241,0.4475877,0.4662132
1482,1957,1646925452.287212,0.4417906,0.4634755
1483,1958,1646925452.298182,0.4347055,0.4628351
1484,1959,1646925452.309156,0.4276584,0.4612758
1485,1960,1646925452.321123,0.4231882,0.4616566
1486,1961,1646925452.331094,0.4199824,0.4627273
1487,1962,1646925452.343063,0.4174467,0.4677405
1488,1963,1646925452.354034,0.4122822,0.4756289
1489,1964,1646925452.365004,0.406408,0.4850533
1490,1965,1646925452.375977,0.3974479,0.4937913
1491,1966,1646925452.386944,0.3906255,0.5002667
1492,1967,1646925452.397916,0.3850737,0.5058653
1493,1968,1646925452.408886,0.3812701,0.5092542
1494,1969,1646925452.420855,0.3794789,0.5110083
1495,1970,1646925452.431825,0.37924,0.5107844
1496,1971,1646925452.442796,0.3785903,0.5101374
1497,1972,1646925452.453766,0.3807158,0.5076232
1498,1973,1646925452.464737,0.3839983,0.5036174
1499,1974,1646925452.475708,0.3891036,0.495804
1500,1975,1646925452.487676,0.3934607,0.4879436
1501,1976,1646925452.497654,0.4019446,0.4757971
1502,1977,1646925452.510325,0.4133806,0.4658154
1503,1978,1646925452.520297,0.4264036,0.455471
1504,1979,1646925452.531268,0.4378958,0.448017
1505,1980,1646925452.542239,0.4479501,0.4420862
1506,1981,1646925452.55321,0.4558726,0.437494
1507,1982,1646925452.565179,0.4632525,0.4339968
1508,1983,1646925452.577157,0.4704988,0.4332203
1509,1984,1646925452.587119,0.4782065,0.4311402
1510,1985,1646925452.59809,0.4877968,0.4283838
1511,1986,1646925452.609425,0.4977193,0.4230485
1512,1987,1646925452.621394,0.5068751,0.4165127
1513,1988,1646925452.631367,0.5165942,0.4099963
1514,1989,1646925452.644337,0.5236232,0.4031094
1515,1990,1646925452.653308,0.5289957,0.3981131
1516,1991,1646925452.665276,0.5307408,0.3954911
1517,1992,1646925452.676246,0.5281511,0.3948109
1518,1993,1646925452.688216,0.5243124,0.393453
1519,1994,1646925452.698187,0.5115494,0.3929594
1520,1995,1646925452.709679,0.4985358,0.3883511
1521,1996,1646925452.720649,0.4846839,0.381219
1522,1997,1646925452.73162,0.4741731,0.3703188
1523,1998,1646925452.74259,0.4671204,0.3585821
1524,1999,1646925452.75456,0.4649181,0.3430154
1525,2000,1646925452.765529,0.4662139,0.3254974
1526,2001,1646925452.776502,0.4724561,0.3047749
1527,2002,1646925452.787472,0.4739138,0.2900248
1528,2003,1646925452.798441,0.4850038,0.2686862
1529,2004,1646925452.809412,0.4932962,0.2501562
1530,2005,1646925452.820384,0.5088869,0.228326
1531,2006,1646925452.831353,0.5268801,0.2052873
1532,2007,1646925452.843328,0.5463286,0.1819596
1533,2008,1646925452.853294,0.5773523,0.1548696
1534,2009,1646925452.865263,0.6006131,0.1306753
1535,2010,1646925452.875236,0.6287073,0.1086721
1536,2011,1646925452.887204,0.6535345,0.0870018
1537,2012,1646925452.898175,0.6828867,0.07321465
1538,2013,1646925452.909146,0.7080004,0.05820668
1539,2014,1646925452.920116,0.735255,0.04701877
1540,2015,1646925452.931427,0.7614475,0.02929449
1541,2016,1646925452.942399,0.7877759,0.01611018
1542,2017,1646925452.95337,0.811819,-0.004569769
1543,2018,1646925452.965337,0.8367115,-0.0259558
1544,2019,1646925452.976307,0.8609222,-0.04568362
1545,2020,1646925452.987279,0.8840003,-0.06561768
1546,2021,1646925452.998249,0.9054054,-0.08141327
1547,2022,1646925453.009219,0.9202697,-0.09387732
1548,2023,1646925453.021187,0.9282844,-0.1036468
1549,2024,1646925453.031162,0.9355484,-0.1151314
1550,2025,1646925453.04313,0.9335105,-0.1244636
1551,2026,1646925453.053102,0.9288331,-0.1374903
1552,2027,1646925453.065069,0.9209214,-0.1525626
1553,2028,1646925453.07604,0.9098924,-0.1699119
1554,2029,1646925453.08701,0.9021959,-0.1896944
1555,2030,1646925453.097983,0.8854104,-0.2174742
1556,2031,1646925453.109955,0.8602173,-0.2505963
1557,2032,1646925453.119922,0.839976,-0.2807057
1558,2033,1646925453.130893,0.8171402,-0.3212993
1559,2034,1646925453.143859,0.7999337,-0.3633449
1560,2035,1646925453.154832,0.7777185,-0.4255964
1561,2036,1646925453.165801,0.766174,-0.4943361
1562,2037,1646925453.176774,0.762664,-0.5616096
1563,2038,1646925453.188741,0.7604204,-0.6194283
1564,2039,1646925453.198713,0.7614198,-0.6762583
1565,2040,1646925453.210682,0.75421,-0.7199885
1566,2041,1646925453.220653,0.7357147,-0.7496145
1567,2042,1646925453.231625,0.7131751,-0.7782376
1568,2043,1646925453.242595,0.6750473,-0.7916481
1569,2044,1646925453.253566,0.6330805,-0.8021353
1570,2045,1646925453.264536,0.5931973,-0.8056788
1571,2046,1646925453.275507,0.5645213,-0.7984425
1572,2047,1646925453.287474,0.5485427,-0.7881616
1573,2048,1646925453.297449,0.5350231,-0.7814622
1574,2049,1646925453.309416,0.5330881,-0.7692461
1575,2050,1646925453.320387,0.5353233,-0.7570186
1576,2051,1646925453.331359,0.5395936,-0.7469652
1577,2052,1646925453.342328,0.5408766,-0.7396715
1578,2053,1646925453.354297,0.5484908,-0.7324327
1579,2054,1646925453.364269,0.5565026,-0.7255039
1580,2055,1646925453.376238,0.5645639,-0.720822
1581,2056,1646925453.386211,0.569445,-0.7149587
1582,2057,1646925453.397182,0.5743879,-0.7115387
1583,2058,1646925453.40915,0.5785112,-0.708755
1584,2059,1646925453.421118,0.5836719,-0.7072208
1585,2060,1646925453.431091,0.5880133,-0.7086432
1586,2061,1646925453.443059,0.5931317,-0.7110773
1587,2062,1646925453.453031,0.6023551,-0.7205971
1588,2063,1646925453.465,0.6104666,-0.7271676
1589,2064,1646925453.474974,0.6223422,-0.7399285
1590,2065,1646925453.486941,0.6318358,-0.7525432
1591,2066,1646925453.498909,0.6420318,-0.7734588
1592,2067,1646925453.509884,0.6525612,-0.7909063
1593,2068,1646925453.519854,0.6671113,-0.8141986
1594,2069,1646925453.530824,0.6856143,-0.836795
1595,2070,1646925453.541794,0.7017875,-0.8505502
1596,2071,1646925453.553763,0.7180504,-0.858791
1597,2072,1646925453.564733,0.7300509,-0.8647793
1598,2073,1646925453.575704,0.7264307,-0.8530898
1599,2074,1646925453.586674,0.7235329,-0.8469039
1600,2075,1646925453.597645,0.7075069,-0.8291766
1601,2076,1646925453.608624,0.6954158,-0.8145239
1602,2077,1646925453.621582,0.6740329,-0.7890579
1603,2078,1646925453.630561,0.6511737,-0.7588396
1604,2079,1646925453.643523,0.634022,-0.7350254
1605,2080,1646925453.653497,0.6095495,-0.7053986
1606,2081,1646925453.664466,0.5864031,-0.6798704
1607,2082,1646925453.675437,0.5556507,-0.651071
1608,2083,1646925453.687404,0.5318105,-0.6284362
1609,2084,1646925453.697378,0.507023,-0.6059431
1610,2085,1646925453.710344,0.4832031,-0.5869209
1611,2086,1646925453.720318,0.4620552,-0.566278
1612,2087,1646925453.731289,0.44179,-0.5458353
1613,2088,1646925453.742258,0.4202655,-0.5282555
1614,2089,1646925453.754226,0.4009184,-0.5125222
1615,2090,1646925453.7642,0.3824506,-0.4984242
1616,2091,1646925453.776168,0.3661442,-0.490912
1617,2092,1646925453.787138,0.3516716,-0.4822521
1618,2093,1646925453.797111,0.3433825,-0.4828348
1619,2094,1646925453.80908,0.333532,-0.479032
1620,2095,1646925453.820053,0.3271706,-0.4774376
1621,2096,1646925453.831022,0.333508,-0.4813071
1622,2097,1646925453.842988,0.3343434,-0.4816191
1623,2098,1646925453.852962,0.3435671,-0.4829454
1624,2099,1646925453.863933,0.3600404,-0.4843986
1625,2100,1646925453.87491,0.3786208,-0.486371
1626,2101,1646925453.886872,0.3968754,-0.4877577
1627,2102,1646925453.897843,0.4270507,-0.4906032
1628,2103,1646925453.909812,0.4626449,-0.4911182
1629,2104,1646925453.920434,0.4996701,-0.4896393
1630,2105,1646925453.930408,0.5319648,-0.4867347
1631,2106,1646925453.942376,0.5626148,-0.4789749
1632,2107,1646925453.953345,0.5835717,-0.4666381
1633,2108,1646925453.965314,0.600009,-0.4586457
1634,2109,1646925453.976285,0.6095086,-0.4481169
1635,2110,1646925453.986259,0.6214057,-0.4394884
1636,2111,1646925453.997229,0.6288962,-0.428169
1637,2112,1646925454.008198,0.6420081,-0.4179861
1638,2113,1646925454.020167,0.6510984,-0.4064175
1639,2114,1646925454.031138,0.6546401,-0.3937483
1640,2115,1646925454.04311,0.6520064,-0.3799117
1641,2116,1646925454.05308,0.6491718,-0.3664207
1642,2117,1646925454.06405,0.637049,-0.3546395
1643,2118,1646925454.07502,0.6194586,-0.3445942
1644,2119,1646925454.085991,0.607157,-0.3356948
1645,2120,1646925454.096961,0.5861703,-0.3298163
1646,2121,1646925454.10893,0.5745047,-0.3223343
1647,2122,1646925454.1199,0.5598108,-0.3170541
1648,2123,1646925454.130871,0.5460039,-0.3115408
1649,2124,1646925454.142838,0.5299637,-0.3095326
1650,2125,1646925454.154806,0.5145564,-0.3073015
1651,2126,1646925454.165778,0.4988386,-0.3069886
1652,2127,1646925454.17675,0.4850911,-0.3071266
1653,2128,1646925454.187722,0.4728788,-0.3060498
1654,2129,1646925454.197693,0.4657206,-0.3057976
1655,2130,1646925454.208663,0.4603882,-0.3050165
1656,2131,1646925454.220632,0.4639106,-0.3051286
1657,2132,1646925454.230603,0.4630978,-0.3028004
1658,2133,1646925454.242575,0.4686875,-0.2986946
1659,2134,1646925454.252545,0.4710025,-0.2944171
1660,2135,1646925454.263516,0.4775212,-0.2865821
1661,2136,1646925454.274493,0.4796467,-0.2806205
1662,2137,1646925454.286456,0.4828256,-0.2748067
1663,2138,1646925454.296432,0.487744,-0.270335
1664,2139,1646925454.308398,0.4929278,-0.2665751
1665,2140,1646925454.31949,0.5040785,-0.267592
1666,2141,1646925454.33046,0.5118191,-0.2664786
1667,2142,1646925454.34143,0.5188057,-0.2669582
1668,2143,1646925454.352401,0.5213127,-0.2661362
1669,2144,1646925454.363372,0.5206336,-0.2634757
1670,2145,1646925454.375341,0.5171881,-0.2627225
1671,2146,1646925454.38631,0.5153369,-0.262796
1672,2147,1646925454.397281,0.5092139,-0.267333
1673,2148,1646925454.408251,0.5084099,-0.2701964
1674,2149,1646925454.420737,0.5038862,-0.2820487
1675,2150,1646925454.429718,0.50359,-0.2906305
1676,2151,1646925454.443675,0.5066412,-0.3018758
1677,2152,1646925454.45265,0.5109994,-0.3122802
1678,2153,1646925454.463622,0.5153449,-0.3220854
1679,2154,1646925454.474593,0.5196933,-0.3291061
1680,2155,1646925454.486561,0.5222158,-0.3330594
1681,2156,1646925454.496539,0.5242383,-0.3346867
1682,2157,1646925454.508502,0.5249798,-0.3363264
1683,2158,1646925454.519473,0.524074,-0.336592
1684,2159,1646925454.530443,0.5259502,-0.3403344
1685,2160,1646925454.541414,0.5300134,-0.3416497
1686,2161,1646925454.573335,0.5333748,-0.3426385
1687,2162,1646925454.57632,0.5355574,-0.3438509
1688,2163,1646925454.586294,0.53637,-0.3401974
1689,2164,1646925454.592278,0.5302558,-0.3338821
1690,2165,1646925454.603249,0.5299625,-0.3328437
1691,2166,1646925454.614231,0.519173,-0.3266601
1692,2167,1646925454.62519,0.512234,-0.3230693
1693,2168,1646925454.636161,0.5002559,-0.3169007
1694,2169,1646925454.648129,0.4895123,-0.3126083
1695,2170,1646925454.659098,0.4673434,-0.3074796
1696,2171,1646925454.670069,0.4494195,-0.3040135
1697,2172,1646925454.682038,0.4286766,-0.299829
1698,2173,1646925454.69201,0.4063556,-0.2942564
1699,2174,1646925454.702981,0.3861344,-0.2879592
1700,2175,1646925454.714951,0.3580316,-0.2778786
1701,2176,1646925454.725921,0.3324144,-0.26977
1702,2177,1646925454.736891,0.2995856,-0.2602856
1703,2178,1646925454.748859,0.2629452,-0.2523584
1704,2179,1646925454.758833,0.224335,-0.2467462
1705,2180,1646925454.769803,0.1878085,-0.2408484
1706,2181,1646925454.781771,0.1474006,-0.2362822
1707,2182,1646925454.791751,0.1058657,-0.2287297
1708,2183,1646925454.803712,0.06599736,-0.2194906
1709,2184,1646925454.814684,0.02292274,-0.2055149
1710,2185,1646925454.825654,-0.01905812,-0.190706
1711,2186,1646925454.836624,-0.06892987,-0.1680684
1712,2187,1646925454.847596,-0.1185831,-0.1464533
1713,2188,1646925454.858565,-0.1760767,-0.114994
1714,2189,1646925454.869542,-0.235982,-0.07650232
1715,2190,1646925454.881506,-0.2891166,-0.04744184
1716,2191,1646925454.891478,-0.3454156,-0.01457024
1717,2192,1646925454.903447,-0.3970023,0.0192219
1718,2193,1646925454.914417,-0.448191,0.0549342
1719,2194,1646925454.925387,-0.4992884,0.08938688
1720,2195,1646925454.936357,-0.5580883,0.1267682
1721,2196,1646925454.948326,-0.6185646,0.1605506
1722,2197,1646925454.959304,-0.6796529,0.1897669
1723,2198,1646925454.969274,-0.7415433,0.2153721
1724,2199,1646925454.981238,-0.8013779,0.2424924
1725,2200,1646925454.992209,-0.8616008,0.2646761
1726,2201,1646925455.003179,-0.9195811,0.2869611
1727,2202,1646925455.015151,-0.9718534,0.3016489
1728,2203,1646925455.02512,-1.024208,0.31818
1729,2204,1646925455.036091,-1.072631,0.3272289
1730,2205,1646925455.047061,-1.120084,0.3327888
1731,2206,1646925455.05903,-1.166576,0.3390348
1732,2207,1646925455.07,-1.199315,0.3358592
1733,2208,1646925455.080971,-1.236165,0.3384306
1734,2209,1646925455.091941,-1.253252,0.3323969
1735,2210,1646925455.102912,-1.285164,0.3351547
1736,2211,1646925455.113883,-1.285135,0.3281496
1737,2212,1646925455.125852,-1.296751,0.3249416
1738,2213,1646925455.136822,-1.290608,0.3167738
1739,2214,1646925455.14979,-1.277993,0.3079895
1740,2215,1646925455.161757,-1.264917,0.2988266
1741,2216,1646925455.171729,-1.232224,0.2885716
1742,2217,1646925455.184699,-1.184936,0.2766356
1743,2218,1646925455.195667,-1.126746,0.2621984
1744,2219,1646925455.206636,-1.070558,0.2478746
1745,2220,1646925455.218609,-1.010051,0.2348981
1746,2221,1646925455.229573,-0.9535609,0.2243564
1747,2222,1646925455.241544,-0.9009508,0.2137803
1748,2223,1646925455.252512,-0.8409471,0.2047734
1749,2224,1646925455.264482,-0.7857401,0.1928095
1750,2225,1646925455.27446,-0.7309932,0.1793978
1751,2226,1646925455.286422,-0.6792653,0.1665959
1752,2227,1646925455.296399,-0.6272334,0.1527677
1753,2228,1646925455.308369,-0.5774519,0.1372508
1754,2229,1646925455.319335,-0.5269492,0.1203854
1755,2230,1646925455.330304,-0.480561,0.1015334
1756,2231,1646925455.341274,-0.4382085,0.08160138
1757,2232,1646925455.353244,-0.3994233,0.06091142
1758,2233,1646925455.363215,-0.3612713,0.04126382
1759,2234,1646925455.375184,-0.3375903,0.01738906
1760,2235,1646925455.386154,-0.3085963,-0.005470634
1761,2236,1646925455.397125,-0.2914699,-0.03059268
1762,2237,1646925455.408096,-0.2802054,-0.05634129
1763,2238,1646925455.420064,-0.2747204,-0.08330023
1764,2239,1646925455.430036,-0.2735008,-0.1090635
1765,2240,1646925455.44201,-0.2678415,-0.1314975
1766,2241,1646925455.452976,-0.2754729,-0.146072
1767,2242,1646925455.463947,-0.2699566,-0.1645777
1768,2243,1646925455.473923,-0.2837442,-0.1706791
1769,2244,1646925455.486887,-0.2923669,-0.1801927
1770,2245,1646925455.496858,-0.3090422,-0.1827945
1771,2246,1646925455.508828,-0.3292624,-0.1833642
1772,2247,1646925455.518799,-0.3498572,-0.1850641
1773,2248,1646925455.529775,-0.3678113,-0.1878405
1774,2249,1646925455.540746,-0.3889485,-0.1908607
1775,2250,1646925455.552713,-0.405136,-0.1992974
1776,2251,1646925455.563685,-0.4197597,-0.2132447
1777,2252,1646925455.574655,-0.434165,-0.2287486
1778,2253,1646925455.585625,-0.4467852,-0.2500279
1779,2254,1646925455.596596,-0.4595679,-0.2726939
1780,2255,1646925455.607568,-0.4710324,-0.293741
1781,2256,1646925455.620531,-0.4824094,-0.3082082
1782,2257,1646925455.630504,-0.490853,-0.3155698
1783,2258,1646925455.642472,-0.4987471,-0.3220184
1784,2259,1646925455.652449,-0.5093508,-0.3180239
1785,2260,1646925455.663422,-0.5209687,-0.3095654
1786,2261,1646925455.675385,-0.5320473,-0.3017781
1787,2262,1646925455.687353,-0.5390792,-0.2850259
1788,2263,1646925455.697328,-0.5437813,-0.267789
1789,2264,1646925455.709296,-0.5465273,-0.252074
1790,2265,1646925455.719268,-0.5462567,-0.2408859
1791,2266,1646925455.730244,-0.5462912,-0.2326384
1792,2267,1646925455.742212,-0.5414345,-0.2311546
1793,2268,1646925455.753182,-0.5320067,-0.2364833
1794,2269,1646925455.766153,-0.5186812,-0.2473592
1795,2270,1646925455.775124,-0.5048925,-0.258563
1796,2271,1646925455.786095,-0.4842278,-0.2752148
1797,2272,1646925455.797065,-0.4620882,-0.2908559
1798,2273,1646925455.808036,-0.4402166,-0.3034508
1799,2274,1646925455.820005,-0.4206106,-0.3123389
1800,2275,1646925455.829897,-0.4010127,-0.3204601
1801,2276,1646925455.841867,-0.3857195,-0.3248852
1802,2277,1646925455.85184,-0.3733893,-0.3273492
1803,2278,1646925455.863808,-0.3620738,-0.3310187
1804,2279,1646925455.874778,-0.3502162,-0.3348588
1805,2280,1646925455.886747,-0.3380153,-0.3391102
1806,2281,1646925455.896719,-0.3278461,-0.3445405
1807,2282,1646925455.908688,-0.3183993,-0.3538892
1808,2283,1646925455.918661,-0.3070071,-0.3622543
1809,2284,1646925455.929632,-0.3002357,-0.3771962
1810,2285,1646925455.940607,-0.2930727,-0.3890214
1811,2286,1646925455.953568,-0.2899349,-0.4020582
1812,2287,1646925455.963542,-0.2872729,-0.4147185
1813,2288,1646925455.974512,-0.2875439,-0.4276651
1814,2289,1646925455.985492,-0.2878141,-0.4402151
1815,2290,1646925455.996453,-0.2907721,-0.4504838
1816,2291,1646925456.007423,-0.2928906,-0.4571025
1817,2292,1646925456.020388,-0.2974817,-0.4635861
1818,2293,1646925456.030362,-0.3068954,-0.4647565
1819,2294,1646925456.041336,-0.3129943,-0.4695747
1820,2295,1646925456.052303,-0.3201984,-0.4728435
1821,2296,1646925456.063274,-0.3252389,-0.4774382
1822,2297,1646925456.074245,-0.3287135,-0.484782
1823,2298,1646925456.08721,-0.3295357,-0.4934148
1824,2299,1646925456.096186,-0.3273141,-0.5033219
1825,2300,1646925456.109155,-0.3233048,-0.513317
1826,2301,1646925456.119125,-0.3216314,-0.5225117
1827,2302,1646925456.130095,-0.3186779,-0.5304525
1828,2303,1646925456.142063,-0.3187432,-0.5370825
1829,2304,1646925456.153034,-0.3190162,-0.5413901
1830,2305,1646925456.164004,-0.3190073,-0.5454644
1831,2306,1646925456.175974,-0.3181264,-0.5486895
1832,2307,1646925456.187941,-0.3167732,-0.551266
1833,2308,1646925456.197915,-0.3140733,-0.5523204
1834,2309,1646925456.208886,-0.3115583,-0.554857
1835,2310,1646925456.219858,-0.3092983,-0.5582576
1836,2311,1646925456.229828,-0.3073407,-0.5603231
1837,2312,1646925456.241797,-0.3074166,-0.5631108
1838,2313,1646925456.252768,-0.3089144,-0.5650251
1839,2314,1646925456.263739,-0.3126032,-0.5669561
1840,2315,1646925456.274708,-0.3180585,-0.5671959
1841,2316,1646925456.28568,-0.3230731,-0.5669197
1842,2317,1646925456.29665,-0.3307096,-0.5670434
1843,2318,1646925456.307624,-0.3386378,-0.5661927
1844,2319,1646925456.318592,-0.3454401,-0.5648434
1845,2320,1646925456.329562,-0.3561673,-0.5591371
1846,2321,1646925456.341531,-0.3641471,-0.5559613
1847,2322,1646925456.351508,-0.3726652,-0.5505147
1848,2323,1646925456.362479,-0.3824096,-0.5449238
1849,2324,1646925456.374441,-0.3923653,-0.539735
1850,2325,1646925456.385412,-0.4054638,-0.535033
1851,2326,1646925456.396384,-0.4194818,-0.5325704
1852,2327,1646925456.407354,-0.4332709,-0.5311515
1853,2328,1646925456.418324,-0.4475408,-0.5292184
1854,2329,1646925456.429328,-0.4629226,-0.5273607
1855,2330,1646925456.441264,-0.4771238,-0.525128
1856,2331,1646925456.452234,-0.4917723,-0.5238834
1857,2332,1646925456.463204,-0.5066899,-0.5235807
1858,2333,1646925456.475174,-0.5213056,-0.5227042
1859,2334,1646925456.485145,-0.5401062,-0.526517
1860,2335,1646925456.496116,-0.5557809,-0.5299547
1861,2336,1646925456.509083,-0.5667016,-0.5298268
1862,2337,1646925456.519056,-0.5769693,-0.5309265
1863,2338,1646925456.530026,-0.5825288,-0.5318073
1864,2339,1646925456.541993,-0.5911953,-0.5326731
1865,2340,1646925456.551966,-0.5972646,-0.5309759
1866,2341,1646925456.562937,-0.600893,-0.5289378
1867,2342,1646925456.573908,-0.6035929,-0.5254257
1868,2343,1646925456.585876,-0.6025808,-0.52086
1869,2344,1646925456.595849,-0.6024977,-0.5164884
1870,2345,1646925456.608815,-0.5996745,-0.5125021
1871,2346,1646925456.618787,-0.598008,-0.5099244
1872,2347,1646925456.629758,-0.5976036,-0.5086591
1873,2348,1646925456.641728,-0.5984157,-0.5104225
1874,2349,1646925456.651699,-0.5898099,-0.5172991
1875,2350,1646925456.663669,-0.5796633,-0.5234812
1876,2351,1646925456.675637,-0.570048,-0.529057
1877,2352,1646925456.685609,-0.5597472,-0.5377294
1878,2353,1646925456.696581,-0.5497449,-0.5454167
1879,2354,1646925456.708549,-0.5399923,-0.5510485
1880,2355,1646925456.719519,-0.5319118,-0.5553576
1881,2356,1646925456.730489,-0.5231001,-0.5577222
1882,2357,1646925456.742457,-0.5124359,-0.5571532
1883,2358,1646925456.752431,-0.5021418,-0.5548398
1884,2359,1646925456.763402,-0.4947181,-0.5523551
1885,2360,1646925456.774376,-0.4873781,-0.5511814
1886,2361,1646925456.785342,-0.4815429,-0.549405
1887,2362,1646925456.796314,-0.4782779,-0.5500082
1888,2363,1646925456.808282,-0.4736696,-0.5517262
1889,2364,1646925456.818255,-0.4710652,-0.5538614
1890,2365,1646925456.82923,-0.4687076,-0.557361
1891,2366,1646925456.841199,-0.4661468,-0.5600987
1892,2367,1646925456.851167,-0.4640491,-0.5623071
1893,2368,1646925456.863149,-0.4611955,-0.5633991
1894,2369,1646925456.875104,-0.4586678,-0.5608356
1895,2370,1646925456.885076,-0.4615774,-0.5597677
1896,2371,1646925456.896047,-0.4665001,-0.5560176
1897,2372,1646925456.908016,-0.4688992,-0.5515749
1898,2373,1646925456.917992,-0.4732925,-0.5488299
1899,2374,1646925456.928959,-0.4734999,-0.5456522
1900,2375,1646925456.941383,-0.4715485,-0.5429682
1901,2376,1646925456.95138,-0.4719225,-0.5412215
1902,2377,1646925456.963319,-0.4704763,-0.5408927
1903,2378,1646925456.974289,-0.4705486,-0.5400299
1904,2379,1646925456.98526,-0.471921,-0.5422902
1905,2380,1646925456.99623,-0.4734002,-0.5429208
1906,2381,1646925457.008199,-0.4749732,-0.5455761
1907,2382,1646925457.018172,-0.4763746,-0.5468537
1908,2383,1646925457.029143,-0.4769644,-0.54778
1909,2384,1646925457.041112,-0.4767256,-0.5477194
1910,2385,1646925457.052081,-0.4763651,-0.5458759
1911,2386,1646925457.063051,-0.4739961,-0.541787
1912,2387,1646925457.07502,-0.4715455,-0.5366402
1913,2388,1646925457.084994,-0.4683095,-0.5278656
1914,2389,1646925457.095964,-0.4657465,-0.5162926
1915,2390,1646925457.107932,-0.4613843,-0.5026274
1916,2391,1646925457.118904,-0.4578638,-0.4880748
1917,2392,1646925457.129873,-0.4533155,-0.4660564
1918,2393,1646925457.141843,-0.4488883,-0.448765
1919,2394,1646925457.152815,-0.4449095,-0.4278435
1920,2395,1646925457.163784,-0.4405348,-0.4108001
1921,2396,1646925457.174754,-0.4352452,-0.3953083
1922,2397,1646925457.186721,-0.4298942,-0.3809781
1923,2398,1646925457.196695,-0.4250339,-0.3719689
1924,2399,1646925457.207665,-0.4197487,-0.365767
1925,2400,1646925457.218636,-0.4164207,-0.3607095
1926,2401,1646925457.229606,-0.4101151,-0.363896
1927,2402,1646925457.240578,-0.3997419,-0.3690485
1928,2403,1646925457.251548,-0.3940881,-0.3765271
1929,2404,1646925457.262519,-0.3910153,-0.3856418
1930,2405,1646925457.274488,-0.3908423,-0.3898993
1931,2406,1646925457.285456,-0.3926148,-0.3934636
1932,2407,1646925457.295432,-0.3973103,-0.3928335
1933,2408,1646925457.307399,-0.4064274,-0.3895097
1934,2409,1646925457.31837,-0.4174516,-0.3831923
1935,2410,1646925457.32934,-0.4269844,-0.3774022
1936,2411,1646925457.340827,-0.4350329,-0.3669438
1937,2412,1646925457.351799,-0.4430437,-0.3550564
1938,2413,1646925457.362769,-0.4514418,-0.3437556
1939,2414,1646925457.373738,-0.4599906,-0.3278104
1940,2415,1646925457.38471,-0.4698458,-0.3155588
1941,2416,1646925457.395681,-0.4801097,-0.3015333
1942,2417,1646925457.407649,-0.490294,-0.2834839
1943,2418,1646925457.418619,-0.500608,-0.2650364
1944,2419,1646925457.429591,-0.5149636,-0.2400639
1945,2420,1646925457.440907,-0.5331319,-0.2106587
1946,2421,1646925457.451877,-0.55107,-0.1725465
1947,2422,1646925457.462849,-0.5699179,-0.1347497
1948,2423,1646925457.47382,-0.5916007,-0.0870831
1949,2424,1646925457.484789,-0.6103631,-0.04115891
1950,2425,1646925457.49576,-0.6254312,0.01832795
1951,2426,1646925457.507729,-0.6368462,0.07267022
1952,2427,1646925457.518699,-0.6483021,0.1224191
1953,2428,1646925457.52967,-0.6563087,0.1742322
1954,2429,1646925457.541156,-0.6629058,0.2238016
1955,2430,1646925457.551128,-0.6674548,0.2707508
1956,2431,1646925457.563097,-0.6711223,0.3160267
1957,2432,1646925457.57307,-0.6700766,0.3593338
1958,2433,1646925457.585039,-0.6656513,0.3988923
1959,2434,1646925457.596009,-0.6611908,0.4364141
1960,2435,1646925457.608974,-0.6537104,0.470279
1961,2436,1646925457.618947,-0.64693,0.5049537
1962,2437,1646925457.629919,-0.6376451,0.5342367
1963,2438,1646925457.641398,-0.6290804,0.5644906
1964,2439,1646925457.652403,-0.6204786,0.5986483
1965,2440,1646925457.662341,-0.6092917,0.6382827
1966,2441,1646925457.675309,-0.5992405,0.6834847
1967,2442,1646925457.68528,-0.5895254,0.7318499
1968,2443,1646925457.696251,-0.5832469,0.7963725
1969,2444,1646925457.708221,-0.5757839,0.8806837
1970,2445,1646925457.719188,-0.5666385,0.9839369
1971,2446,1646925458.04033,-0.7079766,0.9843762
1972,2447,1646925458.051301,-0.6909505,0.998047
1973,2448,1646925458.152031,-0.4587668,0.987045
1974,2449,1646925458.163005,-0.4065092,0.9147396
1975,2450,1646925458.174971,-0.3611884,0.8426899
1976,2451,1646925458.186938,-0.3204678,0.7720761
1977,2452,1646925458.19691,-0.2799746,0.6774542
1978,2453,1646925458.208879,-0.2422813,0.5707295
1979,2454,1646925458.218852,-0.2050188,0.4715676
1980,2455,1646925458.228825,-0.1670421,0.3571843
1981,2456,1646925458.239797,-0.128073,0.2583426
1982,2457,1646925458.250768,-0.08291213,0.1648939
1983,2458,1646925458.262735,-0.03241293,0.1031842
1984,2459,1646925458.273707,0.01050505,0.0479331
1985,2460,1646925458.284676,0.04926543,0.04439604
1986,2461,1646925458.295648,0.08130898,0.02210653
1987,2462,1646925458.306618,0.09828781,0.03122294
1988,2463,1646925458.317588,0.1109943,0.02884412
1989,2464,1646925458.329559,0.105382,0.05251241
1990,2465,1646925458.340528,0.09585464,0.07472503
1991,2466,1646925458.350504,0.08984149,0.09226656
1992,2467,1646925458.36247,0.06844175,0.1240845
1993,2468,1646925458.373439,0.05716623,0.1422787
1994,2469,1646925458.38441,0.03416003,0.1643013
1995,2470,1646925458.395385,0.007585645,0.1768654
1996,2471,1646925458.40735,-0.02463913,0.1808963
1997,2472,1646925458.417326,-0.05492342,0.1805736
1998,2473,1646925458.42929,-0.09374258,0.1712904
1999,2474,1646925458.440262,-0.1331219,0.1615474
2000,2475,1646925458.451231,-0.1724265,0.1543207
2001,2476,1646925458.463199,-0.2245941,0.1429231
2002,2477,1646925458.474172,-0.2703714,0.1370571
2003,2478,1646925458.484143,-0.3229356,0.1306011
2004,2479,1646925458.495114,-0.3717574,0.1279993
2005,2480,1646925458.506084,-0.4124211,0.1273989
2006,2481,1646925458.517055,-0.4427113,0.1335882
2007,2482,1646925458.529023,-0.4688929,0.1416104
2008,2483,1646925458.540992,-0.4809365,0.1604731
2009,2484,1646925458.550506,-0.4898504,0.1883186
2010,2485,1646925458.562471,-0.5020207,0.2219346
2011,2486,1646925458.57344,-0.5214754,0.2521297
2012,2487,1646925458.584411,-0.5410308,0.2903073
2013,2488,1646925458.59638,-0.558011,0.3292692
2014,2489,1646925458.608348,-0.5714874,0.3665969
2015,2490,1646925458.617324,-0.5822307,0.3987417
2016,2491,1646925458.629292,-0.593015,0.4265378
2017,2492,1646925458.640262,-0.5973423,0.4471338
2018,2493,1646925458.651233,-0.6001495,0.4669211
2019,2494,1646925458.663202,-0.5874928,0.4717627
2020,2495,1646925458.674172,-0.581628,0.4811659
2021,2496,1646925458.685141,-0.5666714,0.478931
2022,2497,1646925458.696112,-0.5498288,0.4714468
2023,2498,1646925458.707084,-0.5302556,0.4615319
2024,2499,1646925458.719059,-0.5072885,0.4534205
2025,2500,1646925458.730022,-0.485977,0.4492468
2026,2501,1646925458.740992,-0.4569325,0.4522343
2027,2502,1646925458.751427,-0.4184744,0.4709816
2028,2503,1646925458.762399,-0.3752822,0.4955679
2029,2504,1646925458.77337,-0.3091902,0.5424299
2030,2505,1646925458.786334,-0.2293877,0.600479
2031,2506,1646925458.796311,-0.1550581,0.6544831
2032,2507,1646925458.808276,-0.07673782,0.7268131
2033,2508,1646925458.817284,-0.008655801,0.8108176
2034,2509,1646925458.82922,0.05251381,0.9049888
2035,2510,1646925458.840191,0.1018631,0.9964765
2036,2511,1646925458.950894,0.2722523,0.9592476
2037,2512,1646925458.961865,0.28318,0.8763564
2038,2513,1646925458.972836,0.2788354,0.7632716
2039,2514,1646925458.984804,0.2666192,0.6575015
2040,2515,1646925458.994783,0.2467409,0.5655484
2041,2516,1646925459.006746,0.2202182,0.4859152
2042,2517,1646925459.017715,0.1938876,0.4168823
2043,2518,1646925459.028687,0.1517572,0.3646955
2044,2519,1646925459.039657,0.09865361,0.3295288
2045,2520,1646925459.050634,0.03609771,0.3127203
2046,2521,1646925459.061604,-0.02698714,0.3131748
2047,2522,1646925459.073578,-0.08039922,0.314939
2048,2523,1646925459.084543,-0.1334336,0.3496486
2049,2524,1646925459.095515,-0.1805482,0.3790522
2050,2525,1646925459.106484,-0.227783,0.4355432
2051,2526,1646925459.117455,-0.2746822,0.4998878
2052,2527,1646925459.128426,-0.3197553,0.5683883
2053,2528,1646925459.141391,-0.3649247,0.6351373
2054,2529,1646925459.152512,-0.4113111,0.701421
2055,2530,1646925459.163483,-0.4613305,0.7581649
2056,2531,1646925459.173455,-0.5139509,0.8161244
2057,2532,1646925459.185425,-0.5684663,0.8635815
2058,2533,1646925459.195397,-0.6251228,0.9059128
2059,2534,1646925459.207365,-0.6840098,0.9439338
2060,2535,1646925459.217338,-0.7493087,0.9623486
2061,2536,1646925459.229307,-0.8133928,0.9865167
2062,2537,1646925459.240278,-0.8787559,0.995393
