,index,Time,Point_x,Point_y
0,682,1646925248.809728,-0.5898382,0.4810538
1,683,1646925248.820698,-0.5665863,0.4723234
2,684,1646925248.831668,-0.5351855,0.4583679
3,685,1646925248.842639,-0.5046664,0.4434585
4,686,1646925248.853609,-0.4625376,0.4279568
5,687,1646925248.86458,-0.4181713,0.4167151
6,688,1646925248.876549,-0.3750293,0.4064011
7,689,1646925248.887519,-0.3371287,0.3948141
8,690,1646925248.898489,-0.3037153,0.3806387
9,691,1646925248.90946,-0.2693588,0.3707684
10,692,1646925248.920431,-0.2372737,0.3617527
11,693,1646925248.932398,-0.2073838,0.360772
12,694,1646925248.943374,-0.1806622,0.3627227
13,695,1646925248.954339,-0.1537896,0.3637418
14,696,1646925248.964313,-0.1304766,0.3723649
15,697,1646925248.97728,-0.108652,0.3747999
16,698,1646925248.987252,-0.09879014,0.3794695
17,699,1646925248.998223,-0.09559643,0.3833966
18,700,1646925249.010192,-0.117053,0.388982
19,701,1646925249.020164,-0.1512451,0.3945193
20,702,1646925249.031136,-0.1942821,0.3985848
21,703,1646925249.043103,-0.2385187,0.3986453
22,704,1646925249.053081,-0.2765683,0.39764
23,705,1646925249.065044,-0.3116675,0.3870324
24,706,1646925249.077013,-0.3349714,0.3799178
25,707,1646925249.086985,-0.3470463,0.3693737
26,708,1646925249.097958,-0.3578113,0.3628096
27,709,1646925249.108932,-0.3648726,0.3625328
28,710,1646925249.119898,-0.3838712,0.3691294
29,711,1646925249.131866,-0.4178049,0.3828345
30,712,1646925249.143835,-0.4612241,0.399641
31,713,1646925249.155804,-0.5020906,0.4145097
32,714,1646925249.164778,-0.5464219,0.4318451
33,715,1646925249.177746,-0.5809782,0.4499132
34,716,1646925249.187717,-0.6020218,0.4713921
35,717,1646925249.198687,-0.6084926,0.4962731
36,718,1646925249.210656,-0.6124154,0.5193693
37,719,1646925249.221624,-0.595962,0.5445809
38,720,1646925249.231599,-0.5693789,0.5659894
39,721,1646925249.24257,-0.5396321,0.5814072
40,722,1646925249.25354,-0.5131257,0.5923623
41,723,1646925249.265512,-0.476895,0.5941264
42,724,1646925249.27648,-0.4368638,0.5888538
43,725,1646925249.286968,-0.3948615,0.5741972
44,726,1646925249.297938,-0.3567788,0.5599932
45,727,1646925249.309907,-0.3034991,0.5205373
46,728,1646925249.320876,-0.2580696,0.4923705
47,729,1646925249.332845,-0.2013773,0.4482962
48,730,1646925249.342818,-0.146444,0.4084724
49,731,1646925249.353789,-0.08149092,0.3612041
50,732,1646925249.364759,-0.01569879,0.3211953
51,733,1646925249.376736,0.04620677,0.2915592
52,734,1646925249.386612,0.1061257,0.2699592
53,735,1646925249.397589,0.1612601,0.2628818
54,736,1646925249.409552,0.2071962,0.2649572
55,737,1646925249.420522,0.244608,0.2718704
56,738,1646925249.431493,0.2727754,0.2825968
57,739,1646925249.442464,0.3006306,0.2892606
58,740,1646925249.453434,0.318898,0.3069513
59,741,1646925249.464404,0.3402629,0.3274614
60,742,1646925249.476373,0.3648185,0.3492498
61,743,1646925249.487348,0.3898457,0.3949206
62,744,1646925249.498319,0.4193627,0.4341182
63,745,1646925249.50929,0.4488125,0.5044524
64,746,1646925249.52026,0.483261,0.5581216
65,747,1646925249.531231,0.5225999,0.6227559
66,748,1646925249.542201,0.5641418,0.6751997
67,749,1646925249.553173,0.6107292,0.7145779
68,750,1646925249.565141,0.6444834,0.7330725
69,751,1646925249.577109,0.6712505,0.7368574
70,752,1646925249.587081,0.6915214,0.7340791
71,753,1646925249.598051,0.7108856,0.741497
72,754,1646925249.609022,0.6934277,0.745815
73,755,1646925249.619993,0.6935086,0.7636425
74,756,1646925249.630965,0.6726068,0.7874849
75,757,1646925249.64393,0.6592957,0.8207754
76,758,1646925249.653903,0.6451405,0.8529488
77,759,1646925249.664873,0.6169739,0.8915629
78,760,1646925249.675844,0.5973154,0.9264926
79,761,1646925249.687257,0.5779122,0.9620718
80,762,1646925249.698226,0.5843402,0.9938731
81,763,1646925249.886722,0.2016287,0.9842083
82,764,1646925249.897693,0.2246683,0.8731951
83,765,1646925249.909662,0.2583125,0.7533674
84,766,1646925249.920631,0.2977962,0.6277481
85,767,1646925249.931603,0.343996,0.5017561
86,768,1646925249.941579,0.3838679,0.3871996
87,769,1646925249.953543,0.4414485,0.267958
88,770,1646925249.964513,0.4986078,0.1703366
89,771,1646925249.975484,0.5524744,0.08944106
90,772,1646925249.986455,0.6087727,0.03479719
91,773,1646925249.997426,0.6593843,0.000243187
92,774,1646925250.008401,0.6946783,-0.01199985
93,775,1646925250.020364,0.7275246,-0.04910767
94,776,1646925250.031336,0.7513728,-0.07030505
95,777,1646925250.043305,0.7795318,-0.1009793
96,778,1646925250.053276,0.8027632,-0.1052532
97,779,1646925250.064247,0.8313155,-0.09840375
98,780,1646925250.075218,0.8592868,-0.08911681
99,781,1646925250.086188,0.8862827,-0.04453468
100,782,1646925250.098157,0.9166492,-0.01797706
101,783,1646925250.110125,0.9425365,0.03820193
102,784,1646925250.120099,0.9690957,0.06578887
103,785,1646925250.131068,0.9730123,0.1345004
104,786,1646925250.143036,0.9741737,0.1854708
105,787,1646925250.155005,0.9578948,0.2589421
106,788,1646925250.164979,0.9397423,0.3273781
107,789,1646925250.177944,0.9207981,0.3896441
108,790,1646925250.187917,0.9048323,0.4420682
109,791,1646925250.198889,0.8923454,0.488862
110,792,1646925250.209858,0.8811981,0.5223543
111,793,1646925250.21983,0.8766589,0.5571699
112,794,1646925250.230802,0.8843558,0.5733737
113,795,1646925250.24277,0.8956699,0.5922896
114,796,1646925250.253741,0.9076269,0.6118338
115,797,1646925250.264712,0.9266748,0.6231541
116,798,1646925250.275682,0.9444095,0.6349348
117,799,1646925250.286653,0.9555661,0.6471981
118,800,1646925250.297623,0.9637311,0.6634615
119,801,1646925250.309591,0.9601995,0.6724891
120,802,1646925250.319565,0.9570365,0.6854646
121,803,1646925250.330535,0.936639,0.6919581
122,804,1646925250.342504,0.9035603,0.6916761
123,805,1646925250.353473,0.869269,0.6874639
124,806,1646925250.364453,0.8207767,0.6654312
125,807,1646925250.376414,0.7759829,0.6388268
126,808,1646925250.386385,0.7165634,0.5682569
127,809,1646925250.397356,0.6708508,0.5106794
128,810,1646925250.408327,0.6227515,0.3973967
129,811,1646925250.420296,0.5833483,0.3064786
130,812,1646925250.431267,0.5597314,0.1817545
131,813,1646925250.443235,0.5541115,0.06437612
132,814,1646925250.453208,0.5513413,-0.03627229
133,815,1646925250.464177,0.5613815,-0.1067509
134,816,1646925250.475147,0.5572579,-0.1321935
135,817,1646925250.486118,0.5312784,-0.1125361
136,818,1646925250.497095,0.4864756,-0.06294221
137,819,1646925250.50806,0.4421743,-0.02929693
138,820,1646925250.520029,0.3902134,0.02512693
139,821,1646925250.530998,0.3314485,0.106303
140,822,1646925250.54197,0.2849467,0.175526
141,823,1646925250.55294,0.2450924,0.2421454
142,824,1646925250.563911,0.2207855,0.3012668
143,825,1646925250.575879,0.2144732,0.3536415
144,826,1646925250.585852,0.2076901,0.4030825
145,827,1646925250.597819,0.2211125,0.4560408
146,828,1646925250.608791,0.2407926,0.5133583
147,829,1646925250.619762,0.2591833,0.575799
148,830,1646925250.630732,0.270428,0.6351845
149,831,1646925250.642701,0.2880001,0.6927337
150,832,1646925250.653672,0.3038644,0.7381613
151,833,1646925250.664641,0.3132069,0.7704868
152,834,1646925250.675612,0.3162021,0.7858786
153,835,1646925250.686583,0.3129763,0.7807671
154,836,1646925250.697552,0.303282,0.7764661
155,837,1646925250.709523,0.2788233,0.733896
156,838,1646925250.719494,0.2512244,0.6724965
157,839,1646925250.731463,0.2323941,0.5913662
158,840,1646925250.742433,0.2309285,0.5209801
159,841,1646925250.753404,0.2618721,0.4265239
160,842,1646925250.764374,0.3178484,0.3364018
161,843,1646925250.776344,0.3911207,0.2584516
162,844,1646925250.786315,0.4567511,0.1914377
163,845,1646925250.797076,0.5554508,0.1342469
164,846,1646925250.808046,0.6744218,0.09313679
165,847,1646925250.819017,0.8177857,0.06853056
166,848,1646925250.830985,0.9754851,0.05762351
167,849,1646925250.841955,1.127048,0.04839194
168,850,1646925250.853923,1.287472,0.04808807
169,851,1646925250.864895,1.434255,0.04624343
170,852,1646925250.954653,1.486918,0.1888525
171,853,1646925250.964627,1.458604,0.2275137
172,854,1646925250.976596,1.45155,0.2628959
173,855,1646925250.986569,1.466262,0.3022031
174,856,1646925250.998541,1.488045,0.3438086
175,857,1646925251.05339,1.450046,0.6415522
176,858,1646925251.067352,1.352093,0.671117
177,859,1646925251.075331,1.258018,0.6918766
178,860,1646925251.085303,1.123945,0.6823449
179,861,1646925251.095632,1.010104,0.67611
180,862,1646925251.107602,0.8789561,0.6434196
181,863,1646925251.117577,0.7602916,0.61381
182,864,1646925251.128547,0.6570315,0.5937633
183,865,1646925251.141509,0.5656382,0.5691523
184,866,1646925251.153477,0.4881827,0.5489399
185,867,1646925251.163452,0.4610893,0.5113238
186,868,1646925251.176422,0.4411663,0.4724717
187,869,1646925251.18639,0.4110074,0.4313974
188,870,1646925251.196868,0.3746089,0.3977484
189,871,1646925251.207839,0.3301195,0.3701814
190,872,1646925251.219806,0.2740263,0.3534684
191,873,1646925251.229779,0.1985948,0.3526248
192,874,1646925251.240751,0.1091798,0.361567
193,875,1646925251.25172,0.009301141,0.3755288
194,876,1646925251.262694,-0.08222893,0.3810036
195,877,1646925251.273662,-0.1900961,0.3932204
196,878,1646925251.284634,-0.2745287,0.3978507
197,879,1646925251.295605,-0.3405957,0.4017285
198,880,1646925251.306575,-0.371712,0.4045267
199,881,1646925251.318543,-0.390672,0.4068627
200,882,1646925251.329513,-0.360957,0.407278
201,883,1646925251.340484,-0.3140248,0.4089097
202,884,1646925251.351455,-0.2465611,0.4190723
203,885,1646925251.362424,-0.1893559,0.4308116
204,886,1646925251.374396,-0.09335513,0.4452726
205,887,1646925251.384371,-0.01503959,0.4573438
206,888,1646925251.396335,0.1038584,0.4636506
207,889,1646925251.406311,0.2068273,0.461579
208,890,1646925251.418275,0.3005208,0.4559755
209,891,1646925251.429246,0.4121233,0.4374942
210,892,1646925251.441213,0.5235521,0.4120896
211,893,1646925251.451187,0.6315756,0.3871534
212,894,1646925251.463155,0.7400565,0.3453916
213,895,1646925251.474126,0.8385733,0.3156373
214,896,1646925251.485097,0.9121605,0.2754936
215,897,1646925251.497064,1.001033,0.2473283
216,898,1646925251.508035,1.059948,0.2135509
217,899,1646925251.519006,1.131464,0.1855425
218,900,1646925251.529977,1.204578,0.1567104
219,901,1646925251.541946,1.273869,0.1267277
220,902,1646925251.552916,1.353551,0.09107196
221,903,1646925251.563885,1.450473,0.05464387
222,904,1646925251.65265,1.469371,0.2172451
223,905,1646925251.664616,1.297633,0.2383039
224,906,1646925251.67459,1.120924,0.2435238
225,907,1646925251.686557,0.9430956,0.2375135
226,908,1646925251.697529,0.7994785,0.236064
227,909,1646925251.710495,0.6438258,0.2283118
228,910,1646925251.71947,0.5130805,0.2294728
229,911,1646925251.730442,0.3976396,0.2379218
230,912,1646925251.742408,0.318332,0.2596111
231,913,1646925251.753379,0.2397448,0.2802566
232,914,1646925251.763353,0.191587,0.3026636
233,915,1646925251.775321,0.1407067,0.3201017
234,916,1646925251.786293,0.1297025,0.3217103
235,917,1646925251.797262,0.1024702,0.3130459
236,918,1646925251.808232,0.07031018,0.299553
237,919,1646925251.819203,0.04966199,0.2664167
238,920,1646925251.830173,0.02854894,0.2330909
239,921,1646925251.842143,0.02100559,0.1836167
240,922,1646925251.852114,0.01216261,0.1397821
241,923,1646925251.864083,0.0287286,0.08525449
242,924,1646925251.875054,0.03517199,0.048123
243,925,1646925251.886025,0.08923048,0.0150373
244,926,1646925251.896995,0.1281679,-0.01380157
245,927,1646925251.908963,0.2092117,-0.04107833
246,928,1646925251.918936,0.2821398,-0.06726104
247,929,1646925251.930905,0.3954688,-0.08454907
248,930,1646925251.941875,0.516066,-0.09640497
249,931,1646925251.952847,0.6503053,-0.1114922
250,932,1646925251.963817,0.8024098,-0.1353098
251,933,1646925251.974791,0.9621075,-0.1755188
252,934,1646925251.985758,1.122107,-0.221085
253,935,1646925251.996728,1.296937,-0.2899337
254,936,1646925252.007698,1.477866,-0.3743804
255,937,1646925252.218837,1.442371,-0.1420709
256,938,1646925252.229806,1.314654,-0.1129366
257,939,1646925252.241774,1.183126,-0.1059919
258,940,1646925252.251748,1.057238,-0.108086
259,941,1646925252.262718,0.9413241,-0.1021864
260,942,1646925252.273689,0.826036,-0.1069794
261,943,1646925252.284664,0.7190734,-0.1216463
262,944,1646925252.296629,0.6180837,-0.1410616
263,945,1646925252.307598,0.5234625,-0.1689876
264,946,1646925252.318569,0.4300744,-0.1874835
265,947,1646925252.32954,0.3479092,-0.2235245
266,948,1646925252.34051,0.282616,-0.2547618
267,949,1646925252.351482,0.2177307,-0.2773216
268,950,1646925252.362456,0.1827532,-0.2970779
269,951,1646925252.374418,0.1375757,-0.3081328
270,952,1646925252.38539,0.1365431,-0.313954
271,953,1646925252.396363,0.1252655,-0.3236644
272,954,1646925252.407565,0.1575823,-0.3358799
273,955,1646925252.418535,0.1836945,-0.3505875
274,956,1646925252.429506,0.2519894,-0.3685569
275,957,1646925252.441474,0.3269033,-0.3956675
276,958,1646925252.452446,0.3912975,-0.4188564
277,959,1646925252.463416,0.4829167,-0.4576919
278,960,1646925252.474387,0.5473847,-0.4908254
279,961,1646925252.485356,0.6262589,-0.5408022
280,962,1646925252.497325,0.6877295,-0.58403
281,963,1646925252.507316,0.752113,-0.6378423
282,964,1646925252.518282,0.8165234,-0.6913391
283,965,1646925252.529254,0.8739821,-0.7428007
284,966,1646925252.541222,0.9191081,-0.7752345
285,967,1646925252.552192,0.9666359,-0.8044318
286,968,1646925252.564161,1.002513,-0.8182445
287,969,1646925252.575134,1.041637,-0.8360816
288,970,1646925252.586101,1.071981,-0.8448373
289,971,1646925252.597073,1.098,-0.8523663
290,972,1646925252.607045,1.118259,-0.8594394
291,973,1646925252.619014,1.139571,-0.8666919
292,974,1646925252.629983,1.148354,-0.8649855
293,975,1646925252.641953,1.143904,-0.8543768
294,976,1646925252.653921,1.149851,-0.8518647
295,977,1646925252.663893,1.1406,-0.8430762
296,978,1646925252.674863,1.13363,-0.8394181
297,979,1646925252.686832,1.107048,-0.8335577
298,980,1646925252.696805,1.075006,-0.8308492
299,981,1646925252.708385,1.037775,-0.8293595
300,982,1646925252.719357,0.9979903,-0.8276811
301,983,1646925252.730328,0.9568035,-0.8235739
302,984,1646925252.741296,0.9108739,-0.8178021
303,985,1646925252.753265,0.8716173,-0.8131211
304,986,1646925252.764235,0.8281664,-0.8088077
305,987,1646925252.77521,0.7923991,-0.8044455
306,988,1646925252.785179,0.7594419,-0.7977432
307,989,1646925252.797148,0.7277094,-0.7890388
308,990,1646925252.807012,0.6975378,-0.7794119
309,991,1646925252.818982,0.6687732,-0.7710377
310,992,1646925252.829953,0.6429194,-0.7605635
311,993,1646925252.841921,0.6163821,-0.7483897
312,994,1646925252.851893,0.5861583,-0.7359961
313,995,1646925252.862865,0.5569371,-0.7255546
314,996,1646925252.873834,0.5290394,-0.7167523
315,997,1646925252.885803,0.5042998,-0.7100009
316,998,1646925252.896773,0.4847989,-0.7062979
317,999,1646925252.907747,0.4702206,-0.7033447
318,1000,1646925252.918715,0.456902,-0.7006326
319,1001,1646925252.929686,0.456738,-0.7022123
320,1002,1646925252.940656,0.4554713,-0.7050093
321,1003,1646925252.952625,0.4714817,-0.7247157
322,1004,1646925252.962597,0.484947,-0.7456672
323,1005,1646925252.97457,0.4900711,-0.7645288
324,1006,1646925252.985536,0.5045071,-0.7920767
325,1007,1646925252.996506,0.5097563,-0.8060213
326,1008,1646925253.007478,0.5175151,-0.8117404
327,1009,1646925253.018448,0.5280338,-0.8142283
328,1010,1646925253.029418,0.5442284,-0.8058197
329,1011,1646925253.041392,0.5663518,-0.7899071
330,1012,1646925253.052357,0.5921851,-0.7648399
331,1013,1646925253.063327,0.6233511,-0.7370501
332,1014,1646925253.074298,0.6509027,-0.7154875
333,1015,1646925253.08527,0.687369,-0.6909754
334,1016,1646925253.096239,0.714323,-0.6758826
335,1017,1646925253.10721,0.7474689,-0.6704413
336,1018,1646925253.119179,0.7737724,-0.6654099
337,1019,1646925253.13015,0.7939816,-0.6704633
338,1020,1646925253.142118,0.801043,-0.6831934
339,1021,1646925253.154087,0.8100595,-0.6878346
340,1022,1646925253.16406,0.8090124,-0.6974297
341,1023,1646925253.176028,0.8113557,-0.7012072
342,1024,1646925253.185999,0.8009861,-0.7001752
343,1025,1646925253.196971,0.791694,-0.6877737
344,1026,1646925253.207941,0.784861,-0.6646641
345,1027,1646925253.218911,0.784804,-0.6321326
346,1028,1646925253.229881,0.7880957,-0.6002483
347,1029,1646925253.240854,0.8054978,-0.5497041
348,1030,1646925253.252822,0.8151371,-0.516413
349,1031,1646925253.263794,0.8407221,-0.4624
350,1032,1646925253.274763,0.8567634,-0.4229529
351,1033,1646925253.285734,0.8702236,-0.3843838
352,1034,1646925253.296705,0.8672343,-0.3579898
353,1035,1646925253.307675,0.8564541,-0.3365391
354,1036,1646925253.318645,0.8214768,-0.3361351
355,1037,1646925253.329615,0.7839457,-0.3413058
356,1038,1646925253.341583,0.7210649,-0.3792605
357,1039,1646925253.352555,0.6449619,-0.4333031
358,1040,1646925253.362532,0.5554984,-0.5018212
359,1041,1646925253.374498,0.4661847,-0.5710541
360,1042,1646925253.384472,0.3739348,-0.6399231
361,1043,1646925253.396439,0.2985763,-0.6910019
362,1044,1646925253.407409,0.2210163,-0.7392633
363,1045,1646925253.418378,0.1632643,-0.7614925
364,1046,1646925253.429348,0.1127142,-0.7731489
365,1047,1646925253.441316,0.1039363,-0.7366359
366,1048,1646925253.45129,0.08292188,-0.7145393
367,1049,1646925253.463259,0.08709235,-0.6620572
368,1050,1646925253.474229,0.09066837,-0.6091652
369,1051,1646925253.4852,0.08831991,-0.565311
370,1052,1646925253.496171,0.08986706,-0.5207282
371,1053,1646925253.507142,0.09257519,-0.4840591
372,1054,1646925253.518112,0.09651969,-0.4659868
373,1055,1646925253.53008,0.1030654,-0.4634971
374,1056,1646925253.54105,0.1042571,-0.4533326
375,1057,1646925253.553019,0.1138676,-0.4758061
376,1058,1646925253.562991,0.1210935,-0.5199023
377,1059,1646925253.574959,0.1261098,-0.5451373
378,1060,1646925253.584932,0.1391935,-0.5881538
379,1061,1646925253.595904,0.1563234,-0.6261235
380,1062,1646925253.607871,0.1803215,-0.6612155
381,1063,1646925253.619839,0.2074826,-0.6881037
382,1064,1646925253.63081,0.2559971,-0.7104217
383,1065,1646925253.641782,0.3196672,-0.7231531
384,1066,1646925253.651753,0.3956133,-0.7270032
385,1067,1646925253.663728,0.4671734,-0.730147
386,1068,1646925253.673696,0.5550181,-0.7291877
387,1069,1646925253.686661,0.648227,-0.7310128
388,1070,1646925253.696634,0.7184699,-0.7424281
389,1071,1646925253.708642,0.7863021,-0.7609221
390,1072,1646925253.718575,0.8420963,-0.7794892
391,1073,1646925253.729545,0.8858605,-0.8042541
392,1074,1646925253.740516,0.9143971,-0.8268476
393,1075,1646925253.752485,0.9259627,-0.8489935
394,1076,1646925253.763455,0.9149235,-0.8694267
395,1077,1646925253.774425,0.9094913,-0.8886472
396,1078,1646925253.785396,0.8733845,-0.9085711
397,1079,1646925253.796366,0.8794112,-0.9287616
398,1080,1646925253.807337,0.8608841,-0.9475091
399,1081,1646925253.819305,0.8633596,-0.9639231
400,1082,1646925253.829279,0.8690752,-0.9746095
401,1083,1646925253.841248,0.8833151,-0.977861
402,1084,1646925253.851221,0.8918146,-0.978572
403,1085,1646925253.862195,0.8871288,-0.9587127
404,1086,1646925253.874159,0.8782053,-0.9480038
405,1087,1646925253.886127,0.838944,-0.9146606
406,1088,1646925253.8961,0.8173305,-0.899048
407,1089,1646925253.908068,0.7340844,-0.8449933
408,1090,1646925253.918054,0.6687105,-0.8047346
409,1091,1646925253.929025,0.5752732,-0.7501445
410,1092,1646925253.940992,0.469692,-0.693787
411,1093,1646925253.953958,0.3892792,-0.6520314
412,1094,1646925253.962934,0.2987405,-0.6059546
413,1095,1646925253.974901,0.2191722,-0.5646225
414,1096,1646925253.985871,0.134963,-0.522604
415,1097,1646925253.995846,0.05536951,-0.4807074
416,1098,1646925254.006816,-0.01940793,-0.4434627
417,1099,1646925254.019782,-0.08729911,-0.4087922
418,1100,1646925254.029754,-0.1551218,-0.3759063
419,1101,1646925254.040727,-0.2124466,-0.3509543
420,1102,1646925254.051696,-0.2701362,-0.3261461
421,1103,1646925254.062667,-0.3220273,-0.3113758
422,1104,1646925254.073638,-0.3779781,-0.2977097
423,1105,1646925254.085605,-0.4332523,-0.3045428
424,1106,1646925254.096577,-0.4878357,-0.3139361
425,1107,1646925254.107547,-0.5397307,-0.3215333
426,1108,1646925254.118518,-0.5781834,-0.3412236
427,1109,1646925254.129489,-0.6106748,-0.3592845
428,1110,1646925254.141456,-0.6475726,-0.3735524
429,1111,1646925254.153429,-0.6806248,-0.3881528
430,1112,1646925254.163399,-0.7083343,-0.3996465
431,1113,1646925254.176364,-0.7330465,-0.4068851
432,1114,1646925254.186337,-0.7435955,-0.4100164
433,1115,1646925254.197307,-0.735331,-0.406024
434,1116,1646925254.208279,-0.7369927,-0.4052133
435,1117,1646925254.220247,-0.7185245,-0.403172
436,1118,1646925254.229221,-0.6887004,-0.4080298
437,1119,1646925254.242189,-0.6428876,-0.4162827
438,1120,1646925254.25216,-0.5994328,-0.4251652
439,1121,1646925254.262133,-0.5335727,-0.4372184
440,1122,1646925254.274103,-0.4667827,-0.4466029
441,1123,1646925254.285073,-0.4068648,-0.4548401
442,1124,1646925254.296043,-0.3454571,-0.4680171
443,1125,1646925254.308013,-0.2951676,-0.484335
444,1126,1646925254.318985,-0.2584163,-0.505161
445,1127,1646925254.328955,-0.2255515,-0.5258468
446,1128,1646925254.339925,-0.2115995,-0.5550251
447,1129,1646925254.351894,-0.2014169,-0.5873978
448,1130,1646925254.361871,-0.1930109,-0.6259308
449,1131,1646925254.373836,-0.1743572,-0.6616866
450,1132,1646925254.384806,-0.1568738,-0.7050349
451,1133,1646925254.395775,-0.1296527,-0.7504429
452,1134,1646925254.406747,-0.1039996,-0.792702
453,1135,1646925254.418716,-0.07312453,-0.8308753
454,1136,1646925254.428688,-0.04410097,-0.8653889
455,1137,1646925254.440658,-0.0127299,-0.8955883
456,1138,1646925254.451627,0.01562405,-0.9222888
457,1139,1646925254.462596,0.03996438,-0.9431164
458,1140,1646925254.473568,0.06178075,-0.9644148
459,1141,1646925254.484538,0.0705632,-0.9763349
460,1142,1646925254.495509,0.06918901,-0.9905517
461,1143,1646925254.60721,-0.1248804,-0.997744
462,1144,1646925254.619179,-0.1351429,-0.9794117
463,1145,1646925254.629151,-0.1457,-0.9667531
464,1146,1646925254.641121,-0.1531116,-0.9493684
465,1147,1646925254.651094,-0.1603256,-0.92981
466,1148,1646925254.663062,-0.1676578,-0.9091517
467,1149,1646925254.674032,-0.1780975,-0.8918223
468,1150,1646925254.685003,-0.1917078,-0.8769925
469,1151,1646925254.695972,-0.2061116,-0.8685415
470,1152,1646925254.707943,-0.2217489,-0.8611813
471,1153,1646925254.718911,-0.239836,-0.8540998
472,1154,1646925254.729882,-0.2558079,-0.8460246
473,1155,1646925254.739855,-0.2749725,-0.8405843
474,1156,1646925254.753819,-0.2930266,-0.8339756
475,1157,1646925254.762793,-0.3110679,-0.8287287
476,1158,1646925254.774762,-0.3258599,-0.8215203
477,1159,1646925254.784736,-0.3403931,-0.8116904
478,1160,1646925254.795705,-0.3503047,-0.8014539
479,1161,1646925254.806677,-0.3559499,-0.7872689
480,1162,1646925254.818647,-0.357904,-0.7682984
481,1163,1646925254.828618,-0.360522,-0.7484537
482,1164,1646925254.840587,-0.3595647,-0.7193573
483,1165,1646925254.854554,-0.3589907,-0.6894639
484,1166,1646925254.862527,-0.3596763,-0.6588521
485,1167,1646925254.873497,-0.361864,-0.6338418
486,1168,1646925254.885466,-0.3640679,-0.6083305
487,1169,1646925254.895439,-0.3672688,-0.5879014
488,1170,1646925254.907415,-0.371555,-0.5706389
489,1171,1646925254.917381,-0.379705,-0.5585985
490,1172,1646925254.929349,-0.3877575,-0.5476887
491,1173,1646925254.94032,-0.4000606,-0.5453724
492,1174,1646925254.952288,-0.412908,-0.5437884
493,1175,1646925254.96226,-0.4256455,-0.5389048
494,1176,1646925254.974231,-0.4390529,-0.5319927
495,1177,1646925254.984202,-0.4504237,-0.5200466
496,1178,1646925254.99617,-0.4578038,-0.5029119
497,1179,1646925255.006145,-0.4607845,-0.4831348
498,1180,1646925255.019109,-0.4585496,-0.4602933
499,1181,1646925255.029081,-0.4559015,-0.4384114
500,1182,1646925255.041056,-0.4468135,-0.4118646
501,1183,1646925255.051023,-0.4401252,-0.3876581
502,1184,1646925255.062992,-0.4261182,-0.3599966
503,1185,1646925255.072965,-0.4186887,-0.3361652
504,1186,1646925255.085931,-0.4118199,-0.3142946
505,1187,1646925255.095903,-0.4090346,-0.2979754
506,1188,1646925255.106879,-0.4056653,-0.2833698
507,1189,1646925255.117855,-0.4066168,-0.2835821
508,1190,1646925255.128816,-0.4062476,-0.2790825
509,1191,1646925255.140783,-0.410752,-0.2865829
510,1192,1646925255.15375,-0.4165418,-0.2961197
511,1193,1646925255.163723,-0.4221714,-0.3106847
512,1194,1646925255.174695,-0.4262762,-0.3266575
513,1195,1646925255.185665,-0.4298366,-0.3398134
514,1196,1646925255.196636,-0.4331719,-0.3552704
515,1197,1646925255.206608,-0.4330765,-0.3698654
516,1198,1646925255.218578,-0.4285518,-0.3904727
517,1199,1646925255.228548,-0.4261817,-0.4040253
518,1200,1646925255.240516,-0.4206556,-0.4175363
519,1201,1646925255.251488,-0.4176016,-0.4265539
520,1202,1646925255.262458,-0.4153446,-0.4311614
521,1203,1646925255.273429,-0.4148392,-0.4357245
522,1204,1646925255.284399,-0.4142671,-0.4390557
523,1205,1646925255.29537,-0.4142954,-0.4485055
524,1206,1646925255.30734,-0.4127425,-0.4628444
525,1207,1646925255.317311,-0.4104687,-0.4876314
526,1208,1646925255.329289,-0.4071717,-0.5113076
527,1209,1646925255.340259,-0.4023242,-0.5419821
528,1210,1646925255.351229,-0.3994514,-0.5651836
529,1211,1646925255.3622,-0.3991582,-0.5818381
530,1212,1646925255.374169,-0.4022498,-0.5911338
531,1213,1646925255.384141,-0.4053901,-0.5986171
532,1214,1646925255.395112,-0.4126235,-0.5959241
533,1215,1646925255.406087,-0.4200941,-0.5915992
534,1216,1646925255.418054,-0.4297042,-0.5894211
535,1217,1646925255.429022,-0.4371023,-0.5911856
536,1218,1646925255.44099,-0.445468,-0.5932267
537,1219,1646925255.450961,-0.4518315,-0.5985539
538,1220,1646925255.461934,-0.4578736,-0.6040062
539,1221,1646925255.472904,-0.4587895,-0.6124918
540,1222,1646925255.484871,-0.4587257,-0.61828
541,1223,1646925255.495842,-0.4545255,-0.624548
542,1224,1646925255.506814,-0.4468917,-0.6308801
543,1225,1646925255.517785,-0.434755,-0.6403708
544,1226,1646925255.528352,-0.4237668,-0.649825
545,1227,1646925255.539323,-0.4131802,-0.654982
546,1228,1646925255.551292,-0.4056507,-0.6563585
547,1229,1646925255.562261,-0.4015141,-0.6508298
548,1230,1646925255.573231,-0.3990945,-0.6464073
549,1231,1646925255.584202,-0.3988343,-0.6371872
550,1232,1646925255.595173,-0.4019681,-0.6312033
551,1233,1646925255.606145,-0.4066536,-0.6285105
552,1234,1646925255.61911,-0.4145828,-0.6234763
553,1235,1646925255.628733,-0.4216883,-0.6155249
554,1236,1646925255.6417,-0.4332381,-0.600996
555,1237,1646925255.651673,-0.4413368,-0.5871859
556,1238,1646925255.661646,-0.4487059,-0.5687567
557,1239,1646925255.673613,-0.4550719,-0.553053
558,1240,1646925255.685583,-0.4628139,-0.5378779
559,1241,1646925255.695555,-0.4703077,-0.5246081
560,1242,1646925255.707524,-0.4758611,-0.5135813
561,1243,1646925255.718493,-0.4791545,-0.5052938
562,1244,1646925255.728467,-0.4805613,-0.4960935
563,1245,1646925255.740436,-0.4833595,-0.4833918
564,1246,1646925255.752403,-0.4877021,-0.4657421
565,1247,1646925255.761379,-0.4943024,-0.4455013
566,1248,1646925255.773347,-0.5036104,-0.4218211
567,1249,1646925255.784317,-0.514482,-0.4004101
568,1250,1646925255.795289,-0.5322067,-0.3750739
569,1251,1646925255.806258,-0.5488372,-0.3520265
570,1252,1646925255.817229,-0.5736576,-0.3283557
571,1253,1646925255.828604,-0.5928698,-0.3079352
572,1254,1646925255.840573,-0.6164666,-0.2892832
573,1255,1646925255.851548,-0.6400083,-0.2704247
574,1256,1646925255.861516,-0.6629865,-0.2504194
575,1257,1646925255.873485,-0.6828434,-0.2286554
576,1258,1646925255.883458,-0.6979998,-0.2060839
577,1259,1646925255.895425,-0.7089089,-0.1840104
578,1260,1646925255.907399,-0.7150664,-0.1665415
579,1261,1646925255.917368,-0.7144577,-0.1525311
580,1262,1646925255.928619,-0.7163168,-0.1387115
581,1263,1646925255.93959,-0.7138292,-0.1273417
582,1264,1646925255.95156,-0.7159948,-0.1126026
583,1265,1646925255.962529,-0.720903,-0.09679711
584,1266,1646925255.9735,-0.728631,-0.08109474
585,1267,1646925255.98447,-0.7369848,-0.06603646
586,1268,1646925255.99544,-0.7438409,-0.0548501
587,1269,1646925256.006412,-0.7482062,-0.04342508
588,1270,1646925256.018381,-0.741923,-0.03643048
589,1271,1646925256.028648,-0.7293732,-0.02620339
590,1272,1646925256.040616,-0.7148126,-0.01277483
591,1273,1646925256.051594,-0.6900988,0.004937828
592,1274,1646925256.061559,-0.6662984,0.02400595
593,1275,1646925256.085496,-0.6342309,0.05390352
594,1276,1646925256.087494,-0.612482,0.08156568
595,1277,1646925256.094473,-0.5949567,0.1176623
596,1278,1646925256.101453,-0.5846636,0.155224
597,1279,1646925256.113422,-0.5760069,0.1910548
598,1280,1646925256.122914,-0.5700402,0.2268882
599,1281,1646925256.133885,-0.5726026,0.2615157
600,1282,1646925256.146847,-0.5741508,0.2917583
601,1283,1646925256.158816,-0.5793851,0.3139619
602,1284,1646925256.167791,-0.5852954,0.3278734
603,1285,1646925256.180756,-0.5882875,0.3353243
604,1286,1646925256.190733,-0.5870969,0.3451776
605,1287,1646925256.201701,-0.588069,0.3406332
606,1288,1646925256.21267,-0.5869696,0.350742
607,1289,1646925256.223641,-0.5847896,0.3632215
608,1290,1646925256.234611,-0.5849237,0.3891826
609,1291,1646925256.247581,-0.5873508,0.4184334
610,1292,1646925256.256552,-0.5947806,0.4681556
611,1293,1646925256.267523,-0.5998713,0.5044686
612,1294,1646925256.278494,-0.6147413,0.548716
613,1295,1646925256.290463,-0.6286808,0.5847964
614,1296,1646925256.301432,-0.638487,0.6161854
615,1297,1646925256.313402,-0.6448898,0.637942
616,1298,1646925256.323374,-0.626711,0.6732695
617,1299,1646925256.334344,-0.6266592,0.6866538
618,1300,1646925256.345315,-0.6247168,0.7017214
619,1301,1646925256.356286,-0.6163445,0.7106306
620,1302,1646925256.367257,-0.6143298,0.7293529
621,1303,1646925256.379226,-0.6083829,0.7567586
622,1304,1646925256.389198,-0.6241652,0.7762896
623,1305,1646925256.401166,-0.6373613,0.7959256
624,1306,1646925256.413135,-0.6436617,0.8166367
625,1307,1646925256.423107,-0.6485295,0.8345105
626,1308,1646925256.434079,-0.6489687,0.8510775
627,1309,1646925256.445053,-0.6491722,0.8692822
628,1310,1646925256.456023,-0.6447827,0.8898856
629,1311,1646925256.466995,-0.643048,0.9118823
630,1312,1646925256.478962,-0.6373032,0.9323449
631,1313,1646925256.489928,-0.6264176,0.9503383
632,1314,1646925256.5009,-0.612896,0.96546
633,1315,1646925256.51187,-0.6019018,0.9778594
634,1316,1646925256.52284,-0.5857285,0.9827599
635,1317,1646925256.534809,-0.5722314,0.978357
636,1318,1646925256.545782,-0.5588379,0.9743251
637,1319,1646925256.55675,-0.5434143,0.9502723
638,1320,1646925256.56772,-0.53132,0.9367244
639,1321,1646925256.579689,-0.513581,0.9117023
640,1322,1646925256.590659,-0.4967274,0.8887011
641,1323,1646925256.602627,-0.4807446,0.8683425
642,1324,1646925256.614595,-0.4587225,0.8450038
643,1325,1646925256.625566,-0.4406295,0.8277397
644,1326,1646925256.636536,-0.4222053,0.8128762
645,1327,1646925256.648505,-0.4073072,0.8010878
646,1328,1646925256.659475,-0.3933724,0.7912669
647,1329,1646925256.671443,-0.3832401,0.787044
648,1330,1646925256.683412,-0.3751484,0.7839863
649,1331,1646925256.694382,-0.3676173,0.7783517
650,1332,1646925256.705352,-0.3624662,0.7747361
651,1333,1646925256.71732,-0.3594859,0.7676329
652,1334,1646925256.72829,-0.3556029,0.7555036
653,1335,1646925256.74026,-0.3541898,0.7338983
654,1336,1646925256.75123,-0.3549391,0.704466
655,1337,1646925256.761202,-0.3558396,0.673542
656,1338,1646925256.772173,-0.358423,0.6463675
657,1339,1646925256.783144,-0.3655622,0.619821
658,1340,1646925256.795113,-0.3747848,0.5978462
659,1341,1646925256.806083,-0.3848543,0.5785567
660,1342,1646925256.818054,-0.3925862,0.5613655
661,1343,1646925256.828024,-0.3989001,0.5432412
662,1344,1646925256.840012,-0.4071501,0.5300032
663,1345,1646925256.849964,-0.4170352,0.5191502
664,1346,1646925256.861933,-0.4266368,0.5122322
665,1347,1646925256.872905,-0.4355852,0.501547
666,1348,1646925256.883875,-0.4362202,0.4933226
667,1349,1646925256.894845,-0.4323719,0.4842216
668,1350,1646925256.905817,-0.4216886,0.4784028
669,1351,1646925256.916786,-0.4125656,0.4724566
670,1352,1646925256.927757,-0.4064186,0.4655527
671,1353,1646925256.939725,-0.404146,0.4576296
672,1354,1646925256.950696,-0.4035948,0.449336
673,1355,1646925256.961666,-0.4073047,0.4385483
674,1356,1646925256.972638,-0.4091578,0.4274299
675,1357,1646925256.983608,-0.4101545,0.4132856
676,1358,1646925256.994579,-0.4103641,0.3976576
677,1359,1646925257.00555,-0.4063326,0.3710399
678,1360,1646925257.017518,-0.4027971,0.3400337
679,1361,1646925257.02749,-0.3983987,0.3052195
680,1362,1646925257.039969,-0.3929905,0.2576236
681,1363,1646925257.049941,-0.3889405,0.2080224
682,1364,1646925257.060911,-0.3848641,0.1662952
683,1365,1646925257.07288,-0.3854503,0.1377625
684,1366,1646925257.083851,-0.389294,0.1129559
685,1367,1646925257.094821,-0.4025653,0.09241819
686,1368,1646925257.105792,-0.4167675,0.0693891
687,1369,1646925257.116763,-0.4479836,0.04387945
688,1370,1646925257.127734,-0.4704684,0.009231508
689,1371,1646925257.139704,-0.4951221,-0.03521788
690,1372,1646925257.154669,-0.5104415,-0.08276331
691,1373,1646925257.163643,-0.5136484,-0.1289614
692,1374,1646925257.170622,-0.5042285,-0.1725554
693,1375,1646925257.18259,-0.4967915,-0.2114309
694,1376,1646925257.193562,-0.4792702,-0.2457738
695,1377,1646925257.203535,-0.4663174,-0.2780852
696,1378,1646925257.215505,-0.4450725,-0.3013283
697,1379,1646925257.225475,-0.430355,-0.3186355
698,1380,1646925257.237057,-0.4157649,-0.305005
699,1381,1646925257.248027,-0.4082389,-0.2980996
700,1382,1646925257.258999,-0.404635,-0.2833467
701,1383,1646925257.269969,-0.4072359,-0.2544531
702,1384,1646925257.281938,-0.4096749,-0.2339989
703,1385,1646925257.291913,-0.411824,-0.2295563
704,1386,1646925257.303879,-0.4166514,-0.2415743
705,1387,1646925257.313853,-0.4259722,-0.2658868
706,1388,1646925257.32582,-0.4333634,-0.2877381
707,1389,1646925257.336792,-0.4502758,-0.3182467
708,1390,1646925257.347761,-0.4723621,-0.3440066
709,1391,1646925257.358732,-0.4963911,-0.3648988
710,1392,1646925257.369703,-0.5183668,-0.3818904
711,1393,1646925257.380674,-0.5424163,-0.3976834
712,1394,1646925257.391644,-0.5629538,-0.4120196
713,1395,1646925257.402615,-0.5775241,-0.4227855
714,1396,1646925257.414582,-0.5854924,-0.4334414
715,1397,1646925257.42456,-0.5902805,-0.4455384
716,1398,1646925257.436524,-0.5817841,-0.4563898
717,1399,1646925257.447497,-0.5688913,-0.4650821
718,1400,1646925257.45847,-0.5545239,-0.4693618
719,1401,1646925257.469436,-0.5440282,-0.4747248
720,1402,1646925257.481405,-0.5310367,-0.4727155
721,1403,1646925257.492374,-0.5259091,-0.4761981
722,1404,1646925257.502347,-0.5237257,-0.477085
723,1405,1646925257.514317,-0.5229573,-0.4795883
724,1406,1646925257.525286,-0.5284941,-0.4813395
725,1407,1646925257.53689,-0.5310059,-0.4833447
726,1408,1646925257.547862,-0.5376142,-0.482733
727,1409,1646925257.558832,-0.5456316,-0.4757679
728,1410,1646925257.569803,-0.5513265,-0.4665554
729,1411,1646925257.58177,-0.5529192,-0.4523103
730,1412,1646925257.593738,-0.5498359,-0.43132
731,1413,1646925257.604709,-0.5458198,-0.4092555
732,1414,1646925257.616679,-0.5338151,-0.3787181
733,1415,1646925257.626651,-0.516657,-0.3481419
734,1416,1646925257.638605,-0.4931818,-0.3122828
735,1417,1646925257.649574,-0.4645087,-0.2631251
736,1418,1646925257.661543,-0.4350318,-0.1919065
737,1419,1646925257.672514,-0.4090547,-0.1001934
738,1420,1646925257.683484,-0.3891435,-0.01005936
739,1421,1646925257.694454,-0.3769283,0.1072051
740,1422,1646925257.705424,-0.3699197,0.2142608
741,1423,1646925257.717393,-0.3755159,0.3366264
742,1424,1646925257.728363,-0.3867641,0.4520325
743,1425,1646925257.739631,-0.4026278,0.5625555
744,1426,1646925257.750601,-0.4215186,0.6621181
745,1427,1646925257.761572,-0.4412743,0.7485372
746,1428,1646925257.771545,-0.4617561,0.8238756
747,1429,1646925257.783514,-0.4781354,0.896481
748,1430,1646925257.794486,-0.4961624,0.9488856
749,1431,1646925257.95007,-0.4162222,0.98969
750,1432,1646925257.961039,-0.432775,0.9844548
751,1433,1646925257.972009,-0.4779017,0.9959096
752,1434,1646925258.02786,-0.7320678,0.9718205
753,1435,1646925258.038831,-0.754396,0.9390129
754,1436,1646925258.049801,-0.7576831,0.8935847
755,1437,1646925258.060771,-0.7487755,0.8575086
756,1438,1646925258.071746,-0.7293931,0.8322884
757,1439,1646925258.083712,-0.7007416,0.8232576
758,1440,1646925258.094682,-0.6751928,0.8130569
759,1441,1646925258.105653,-0.632816,0.8090779
760,1442,1646925258.116623,-0.588421,0.8027117
761,1443,1646925258.127594,-0.549602,0.800296
762,1444,1646925258.139562,-0.5217538,0.7952
763,1445,1646925258.151532,-0.5060873,0.8007202
764,1446,1646925258.1625,-0.4990329,0.8006131
765,1447,1646925258.172474,-0.493159,0.7965669
766,1448,1646925258.184443,-0.4970228,0.7884189
767,1449,1646925258.195412,-0.4993147,0.7776327
768,1450,1646925258.206384,-0.5109665,0.7530457
769,1451,1646925258.217353,-0.5106763,0.7304258
770,1452,1646925258.227329,-0.5104167,0.6971886
771,1453,1646925258.238297,-0.5064145,0.6678306
772,1454,1646925258.249268,-0.5016204,0.637849
773,1455,1646925258.261236,-0.4890595,0.6200063
774,1456,1646925258.272207,-0.4780373,0.6069524
775,1457,1646925258.283177,-0.4626918,0.6123721
776,1458,1646925258.295149,-0.4483507,0.629889
777,1459,1646925258.306117,-0.4367079,0.6478364
778,1460,1646925258.316089,-0.4261662,0.6812388
779,1461,1646925258.32706,-0.418469,0.7115971
780,1462,1646925258.338034,-0.4102408,0.7326848
781,1463,1646925258.350003,-0.4031827,0.740699
782,1464,1646925258.36097,-0.3975872,0.7328951
783,1465,1646925258.37194,-0.39383,0.7198326
784,1466,1646925258.38291,-0.3965702,0.6847202
785,1467,1646925258.394879,-0.401824,0.6519887
786,1468,1646925258.404851,-0.4178882,0.6023242
787,1469,1646925258.416821,-0.4427072,0.5538613
788,1470,1646925258.42779,-0.4736405,0.5066339
789,1471,1646925258.438761,-0.5094241,0.4656826
790,1472,1646925258.449732,-0.5469346,0.4293346
791,1473,1646925258.460703,-0.5814729,0.3944878
792,1474,1646925258.471672,-0.6070257,0.36062
793,1475,1646925258.483641,-0.6206099,0.3219008
794,1476,1646925258.494612,-0.6159129,0.2830624
795,1477,1646925258.505583,-0.5961334,0.2513192
796,1478,1646925258.516554,-0.5623116,0.2261073
797,1479,1646925258.527524,-0.5353987,0.2024853
798,1480,1646925258.538495,-0.4910102,0.1818924
799,1481,1646925258.549465,-0.4543567,0.1585762
800,1482,1646925258.561433,-0.4080228,0.1295811
801,1483,1646925258.572404,-0.3795207,0.09604192
802,1484,1646925258.583374,-0.3587279,0.06329501
803,1485,1646925258.594345,-0.3557996,0.02313638
804,1486,1646925258.605315,-0.3696738,-0.02737069
805,1487,1646925258.617284,-0.3896064,-0.1000296
806,1488,1646925258.628256,-0.4036993,-0.1813896
807,1489,1646925258.639225,-0.426028,-0.2974092
808,1490,1646925258.651192,-0.4460726,-0.4227512
809,1491,1646925258.661166,-0.4610113,-0.5459968
810,1492,1646925258.672137,-0.4685093,-0.6527983
811,1493,1646925258.684106,-0.4722995,-0.7488269
812,1494,1646925258.695077,-0.4590378,-0.8335199
813,1495,1646925258.705049,-0.4374225,-0.8911399
814,1496,1646925258.71602,-0.4191656,-0.9386299
815,1497,1646925258.727,-0.394565,-0.9397573
816,1498,1646925258.738959,-0.3765732,-0.9182754
817,1499,1646925258.750926,-0.3667108,-0.8915687
818,1500,1646925258.761896,-0.358931,-0.8815295
819,1501,1646925258.77187,-0.3576572,-0.8685445
820,1502,1646925258.782841,-0.3574185,-0.8693179
821,1503,1646925258.793812,-0.3608233,-0.8747701
822,1504,1646925258.804782,-0.3673025,-0.8805485
823,1505,1646925258.81675,-0.3861679,-0.8806933
824,1506,1646925258.826728,-0.4122341,-0.8718049
825,1507,1646925258.838691,-0.4437745,-0.8550153
826,1508,1646925258.849669,-0.4764279,-0.8322316
827,1509,1646925258.86064,-0.5054739,-0.808678
828,1510,1646925258.871611,-0.5363325,-0.7699324
829,1511,1646925258.883578,-0.5638899,-0.7324407
830,1512,1646925258.893551,-0.5815523,-0.6765993
831,1513,1646925258.905518,-0.5928227,-0.6269503
832,1514,1646925258.916489,-0.6021495,-0.5839624
833,1515,1646925258.927461,-0.6016191,-0.5392634
834,1516,1646925258.938431,-0.5951266,-0.4976115
835,1517,1646925258.950398,-0.5866986,-0.4600929
836,1518,1646925258.960373,-0.5806656,-0.4261477
837,1519,1646925258.971343,-0.5693746,-0.3999143
838,1520,1646925258.983312,-0.5581224,-0.3808756
839,1521,1646925258.994281,-0.5515751,-0.3656287
840,1522,1646925259.005253,-0.549706,-0.348516
841,1523,1646925259.016223,-0.5472438,-0.3425096
842,1524,1646925259.027194,-0.5467077,-0.3388555
843,1525,1646925259.038164,-0.5491648,-0.3360368
844,1526,1646925259.049673,-0.5533891,-0.3312533
845,1527,1646925259.060644,-0.5572967,-0.3279269
846,1528,1646925259.071615,-0.5586461,-0.3243212
847,1529,1646925259.083581,-0.557514,-0.3239095
848,1530,1646925259.093555,-0.5519078,-0.3259957
849,1531,1646925259.104525,-0.5443214,-0.3268838
850,1532,1646925259.116494,-0.527564,-0.3287967
851,1533,1646925259.127464,-0.5146449,-0.3275111
852,1534,1646925259.139432,-0.4940528,-0.3255434
853,1535,1646925259.151401,-0.4734813,-0.3203302
854,1536,1646925259.163368,-0.4542378,-0.3147603
855,1537,1646925259.172345,-0.4334322,-0.3075705
856,1538,1646925259.184312,-0.4142861,-0.3011544
857,1539,1646925259.195283,-0.3970604,-0.292165
858,1540,1646925259.205256,-0.3827783,-0.2836154
859,1541,1646925259.217225,-0.370767,-0.2738257
860,1542,1646925259.227197,-0.3603322,-0.2643759
861,1543,1646925259.23817,-0.3509359,-0.2570739
862,1544,1646925259.248659,-0.3412237,-0.2492249
863,1545,1646925259.25963,-0.3346271,-0.2417431
864,1546,1646925259.271603,-0.3279657,-0.2319191
865,1547,1646925259.283566,-0.3183195,-0.2213373
866,1548,1646925259.29354,-0.3051463,-0.2041121
867,1549,1646925259.30451,-0.2903296,-0.1843191
868,1550,1646925259.318478,-0.2684843,-0.1513513
869,1551,1646925259.326453,-0.2464557,-0.1156568
870,1552,1646925259.337422,-0.2083177,-0.04424798
871,1553,1646925259.348906,-0.1776327,0.01582289
872,1554,1646925259.359876,-0.1386692,0.1019148
873,1555,1646925259.370848,-0.1026496,0.189163
874,1556,1646925259.381819,-0.06807531,0.270766
875,1557,1646925259.393785,-0.02948025,0.3625814
876,1558,1646925259.404756,0.003287584,0.440649
877,1559,1646925259.416729,0.0355432,0.5132481
878,1560,1646925259.426697,0.06551322,0.5762457
879,1561,1646925259.437668,0.09518623,0.6307296
880,1562,1646925259.449152,0.1256817,0.6873457
881,1563,1646925259.460124,0.1594194,0.7337279
882,1564,1646925259.471095,0.1937546,0.7811169
883,1565,1646925259.483063,0.2260785,0.8313655
884,1566,1646925259.493035,0.2550856,0.8804104
885,1567,1646925259.504006,0.2806284,0.9249665
886,1568,1646925259.515975,0.3076598,0.9700052
887,1569,1646925259.826149,1.287538,0.9826511
888,1570,1646925259.838112,1.271372,0.8737945
889,1571,1646925259.849083,1.268872,0.7882659
890,1572,1646925259.860054,1.29575,0.7339894
891,1573,1646925259.871024,1.333427,0.7112002
892,1574,1646925259.882997,1.366614,0.6906735
893,1575,1646925259.893964,1.41856,0.7096381
894,1576,1646925259.904934,1.479751,0.7649705
895,1577,1646925260.026608,1.493114,0.6021318
896,1578,1646925260.037579,1.449714,0.544372
897,1579,1646925260.048549,1.417164,0.4947895
898,1580,1646925260.05952,1.386376,0.4409897
899,1581,1646925260.071489,1.368939,0.3971271
900,1582,1646925260.083458,1.357485,0.3606223
901,1583,1646925260.093429,1.363049,0.3412823
902,1584,1646925260.1044,1.383848,0.3435878
903,1585,1646925260.11537,1.393643,0.3349306
904,1586,1646925260.127339,1.415966,0.3370396
905,1587,1646925260.138309,1.435385,0.3342089
906,1588,1646925260.151276,1.462929,0.3371467
907,1589,1646925260.162246,1.493519,0.3396453
908,1590,1646925261.121897,1.426313,0.6087691
909,1591,1646925261.132867,1.200215,0.7496392
910,1592,1646925261.144838,0.9904169,0.8639905
911,1593,1646925261.154809,0.7429208,0.9606125
912,1594,1646925262.737607,-0.699559,0.8527159
913,1595,1646925262.747581,-0.5674133,0.689589
914,1596,1646925262.75855,-0.4223868,0.5135664
915,1597,1646925262.76952,-0.2794039,0.3442687
916,1598,1646925262.782487,-0.1494845,0.1938252
917,1599,1646925262.79246,-0.02825823,0.06052995
918,1600,1646925262.804429,0.08488646,-0.05801779
919,1601,1646925262.815399,0.1814927,-0.1249022
920,1602,1646925262.825372,0.271777,-0.1824259
921,1603,1646925262.836342,0.3283387,-0.1658067
922,1604,1646925262.848311,0.3291282,-0.08099544
923,1605,1646925262.859281,0.3625992,-0.05284661
924,1606,1646925262.870255,0.3657961,0.008692861
925,1607,1646925262.881222,0.3902743,0.03521097
926,1608,1646925262.892192,0.395153,0.05626571
927,1609,1646925262.903163,0.3886628,0.05355573
928,1610,1646925262.914133,0.3670939,0.03717625
929,1611,1646925262.926103,0.3551551,0.02232778
930,1612,1646925262.937072,0.3110699,0.0108279
931,1613,1646925262.948044,0.2929156,0.0205915
932,1614,1646925262.959014,0.2750473,0.0572201
933,1615,1646925262.969984,0.2628227,0.1164979
934,1616,1646925262.980955,0.2659148,0.1884472
935,1617,1646925262.991926,0.2739103,0.2558641
936,1618,1646925263.003896,0.297766,0.3361551
937,1619,1646925263.014864,0.3352856,0.4156763
938,1620,1646925263.024838,0.3695677,0.4838305
939,1621,1646925263.036805,0.4189857,0.5598001
940,1622,1646925263.047777,0.4664934,0.6306903
941,1623,1646925263.058748,0.5098926,0.6971089
942,1624,1646925263.070715,0.555732,0.753383
943,1625,1646925263.080688,0.5943743,0.7973132
944,1626,1646925263.092659,0.6273947,0.8252208
945,1627,1646925263.10363,0.6455736,0.8431558
946,1628,1646925263.114599,0.6572007,0.8526086
947,1629,1646925263.125569,0.6715826,0.8758079
948,1630,1646925263.138535,0.6851926,0.8870191
949,1631,1646925263.149505,0.7123235,0.9027004
950,1632,1646925263.159478,0.7467548,0.9230334
951,1633,1646925263.170451,0.7857648,0.9399762
952,1634,1646925263.183415,0.8217385,0.9538628
953,1635,1646925263.193387,0.853054,0.9614415
954,1636,1646925263.205357,0.8808703,0.9690112
955,1637,1646925263.215361,0.9111829,0.9653458
956,1638,1646925263.225302,0.9407505,0.9630606
957,1639,1646925263.236272,0.9676298,0.958518
958,1640,1646925263.248241,0.9936588,0.9576806
959,1641,1646925263.258214,1.02205,0.9579939
960,1642,1646925263.270184,1.056616,0.9599642
961,1643,1646925263.281154,1.107796,0.9610919
962,1644,1646925263.292124,1.172267,0.9580395
963,1645,1646925263.303093,1.246117,0.9508609
964,1646,1646925263.314064,1.362246,0.9301743
965,1647,1646925263.325035,1.483419,0.9044363
966,1648,1646925269.267366,0.7694356,0.9600648
967,1649,1646925269.278336,0.6669807,0.8567101
968,1650,1646925269.289306,0.5251734,0.7494702
969,1651,1646925269.300277,0.400955,0.6590628
970,1652,1646925269.312249,0.3008248,0.580507
971,1653,1646925269.322225,0.238016,0.5171553
972,1654,1646925269.334187,0.1887755,0.4655148
973,1655,1646925269.345158,0.1619192,0.4447117
974,1656,1646925269.35613,0.136815,0.4448916
975,1657,1646925269.367098,0.1061449,0.4572963
976,1658,1646925269.378074,0.06778979,0.4543957
977,1659,1646925269.38904,0.02447069,0.4429585
978,1660,1646925269.401009,-0.02432925,0.4217111
979,1661,1646925269.411978,-0.06775086,0.3877854
980,1662,1646925269.421957,-0.08223143,0.3334121
981,1663,1646925269.43392,-0.1070887,0.2776234
982,1664,1646925269.444898,-0.14696,0.2167127
983,1665,1646925269.455861,-0.1796359,0.1827826
984,1666,1646925269.466832,-0.1937542,0.1621199
985,1667,1646925269.478801,-0.2026802,0.1478292
986,1668,1646925269.488775,-0.2241494,0.1150663
987,1669,1646925269.500742,-0.2355532,0.08509266
988,1670,1646925269.511714,-0.2325377,0.05966741
989,1671,1646925269.522682,-0.2340245,0.04036188
990,1672,1646925269.533653,-0.2368648,0.01895493
991,1673,1646925269.545622,-0.2419285,0.008894563
992,1674,1646925269.555594,-0.251842,-0.001449704
993,1675,1646925269.566565,-0.2591522,-0.01518786
994,1676,1646925269.578534,-0.2629361,-0.03427434
995,1677,1646925269.588507,-0.2627633,-0.05522263
996,1678,1646925269.600474,-0.261838,-0.0735203
997,1679,1646925269.61327,-0.2625815,-0.0914951
998,1680,1646925269.623242,-0.2663146,-0.1162328
999,1681,1646925269.633213,-0.2674726,-0.1414971
1000,1682,1646925269.645181,-0.2658546,-0.1687528
1001,1683,1646925269.656153,-0.2658513,-0.1932662
1002,1684,1646925269.667123,-0.2636586,-0.2195605
1003,1685,1646925269.679091,-0.2606532,-0.2395499
1004,1686,1646925269.689064,-0.2587373,-0.2540689
1005,1687,1646925269.700035,-0.2662889,-0.2517769
1006,1688,1646925269.712003,-0.2765183,-0.2196934
1007,1689,1646925269.722974,-0.3010826,-0.2138073
1008,1690,1646925269.733945,-0.3097126,-0.2000594
1009,1691,1646925269.745914,-0.3021161,-0.190113
1010,1692,1646925269.756885,-0.293015,-0.1897405
1011,1693,1646925269.766856,-0.2995222,-0.1791837
1012,1694,1646925269.777828,-0.3066269,-0.1710338
1013,1695,1646925269.789802,-0.3103361,-0.1526464
1014,1696,1646925269.800767,-0.3213122,-0.1537585
1015,1697,1646925269.812733,-0.3163468,-0.1506984
1016,1698,1646925269.822706,-0.319611,-0.1429748
1017,1699,1646925269.833678,-0.3195217,-0.1409882
1018,1700,1646925269.844652,-0.3206151,-0.140285
1019,1701,1646925269.855619,-0.3233813,-0.1410448
1020,1702,1646925269.86659,-0.3239003,-0.1397095
1021,1703,1646925269.878559,-0.3184233,-0.1374473
1022,1704,1646925269.88853,-0.3164289,-0.1303642
1023,1705,1646925269.900499,-0.3100152,-0.1235049
1024,1706,1646925269.912002,-0.3069141,-0.125091
1025,1707,1646925269.921976,-0.2918059,-0.1312711
1026,1708,1646925269.933944,-0.2518371,-0.1383858
1027,1709,1646925269.944914,-0.2354824,-0.1195102
1028,1710,1646925269.955884,-0.2402542,-0.1074951
1029,1711,1646925269.966855,-0.2630103,-0.09829462
1030,1712,1646925269.977826,-0.2704281,-0.09386033
1031,1713,1646925269.988796,-0.2640782,-0.08766842
1032,1714,1646925270.000765,-0.2595617,-0.0856992
1033,1715,1646925270.012526,-0.2520285,-0.08447784
1034,1716,1646925270.023495,-0.2260947,-0.0954597
1035,1717,1646925270.033468,-0.2223823,-0.09348333
1036,1718,1646925270.04444,-0.2114591,-0.06590295
1037,1719,1646925270.056408,-0.2282331,-0.04536104
1038,1720,1646925270.066381,-0.2730954,-0.0466342
1039,1721,1646925270.078351,-0.3253174,-0.06614423
1040,1722,1646925270.08932,-0.3288268,-0.06506515
1041,1723,1646925270.10029,-0.3258355,-0.03183711
1042,1724,1646925270.111261,-0.3395314,-0.01165211
1043,1725,1646925270.122232,-0.351226,-0.01290548
1044,1726,1646925270.133202,-0.3495846,-0.0004518032
1045,1727,1646925270.146168,-0.3508555,0.02413368
1046,1728,1646925270.15614,-0.3538842,0.04066533
1047,1729,1646925270.168111,-0.3524968,0.04955947
1048,1730,1646925270.179081,-0.3573359,0.05119312
1049,1731,1646925270.190051,-0.3561406,0.06543934
1050,1732,1646925270.201022,-0.3531873,0.0830102
1051,1733,1646925270.21299,-0.3572925,0.1076528
1052,1734,1646925270.222963,-0.3625152,0.1291977
1053,1735,1646925270.233935,-0.3645195,0.1605098
1054,1736,1646925270.244905,-0.3650146,0.2129376
1055,1737,1646925270.255877,-0.3535403,0.2870435
1056,1738,1646925270.266846,-0.3391188,0.3391969
1057,1739,1646925270.277816,-0.3351797,0.3680012
1058,1740,1646925270.288786,-0.3157228,0.4063557
1059,1741,1646925270.300755,-0.3035407,0.4414813
1060,1742,1646925270.311725,-0.3012038,0.4900035
1061,1743,1646925270.322697,-0.2945198,0.5478045
1062,1744,1646925270.333667,-0.2837664,0.5993516
1063,1745,1646925270.344638,-0.2856035,0.6804945
1064,1746,1646925270.355608,-0.2972719,0.7495906
1065,1747,1646925270.366578,-0.2972644,0.7934849
1066,1748,1646925270.37755,-0.2606737,0.8284072
1067,1749,1646925270.388524,-0.2568898,0.9649283
1068,1750,1646925273.243255,0.2529476,0.977116
1069,1751,1646925273.254225,0.2568415,0.9301516
1070,1752,1646925273.265194,0.2595503,0.883579
1071,1753,1646925273.277162,0.2712125,0.8433265
1072,1754,1646925273.287136,0.2861187,0.8040215
1073,1755,1646925273.299105,0.31484,0.7693989
1074,1756,1646925273.309078,0.3516704,0.7289051
1075,1757,1646925273.321047,0.3972725,0.6786112
1076,1758,1646925273.332016,0.4363461,0.6241757
1077,1759,1646925273.342987,0.4936548,0.5617952
1078,1760,1646925273.353958,0.5398699,0.4990148
1079,1761,1646925273.364928,0.5913831,0.4218275
1080,1762,1646925273.375899,0.6322542,0.3419353
1081,1763,1646925273.387867,0.6621063,0.2585241
1082,1764,1646925273.398837,0.6789606,0.1751122
1083,1765,1646925273.409807,0.6777851,0.09243453
1084,1766,1646925273.420778,0.6697043,0.01143014
1085,1767,1646925273.431749,0.6308564,-0.07142299
1086,1768,1646925273.442719,0.5706356,-0.1480316
1087,1769,1646925273.453691,0.5030559,-0.2195361
1088,1770,1646925273.464661,0.4329848,-0.2806375
1089,1771,1646925273.476629,0.3732799,-0.3383296
1090,1772,1646925273.487601,0.3062675,-0.3772676
1091,1773,1646925273.498571,0.2441312,-0.4057432
1092,1774,1646925273.509541,0.1896235,-0.4326417
1093,1775,1646925273.520512,0.1442446,-0.4369202
1094,1776,1646925273.531482,0.1119387,-0.4296806
1095,1777,1646925273.543453,0.09087168,-0.4070807
1096,1778,1646925273.554421,0.07059686,-0.3908496
1097,1779,1646925273.565392,0.0795638,-0.3287889
1098,1780,1646925273.576362,0.07756756,-0.2856562
1099,1781,1646925273.587334,0.09696002,-0.2195141
1100,1782,1646925273.598303,0.1261514,-0.1465396
1101,1783,1646925273.610271,0.1516313,-0.08474374
1102,1784,1646925273.621243,0.2039895,-0.00549835
1103,1785,1646925273.632212,0.2361424,0.05354202
1104,1786,1646925273.643184,0.280148,0.1149337
1105,1787,1646925273.654156,0.315225,0.1691042
1106,1788,1646925273.665125,0.360672,0.2159162
1107,1789,1646925273.677095,0.4034851,0.2510134
1108,1790,1646925273.687098,0.4478324,0.2804512
1109,1791,1646925273.699035,0.4937586,0.3064027
1110,1792,1646925273.709012,0.5341315,0.3393034
1111,1793,1646925273.720975,0.5626074,0.3594643
1112,1794,1646925273.732944,0.5845507,0.390879
1113,1795,1646925273.744912,0.5892143,0.4164702
1114,1796,1646925273.753888,0.5970677,0.4452938
1115,1797,1646925273.764858,0.5890429,0.4740173
1116,1798,1646925273.775834,0.5752553,0.507044
1117,1799,1646925273.787797,0.5738645,0.5402636
1118,1800,1646925273.798767,0.5575792,0.5739643
1119,1801,1646925273.809739,0.5550806,0.6064944
1120,1802,1646925273.820709,0.5416006,0.6379609
1121,1803,1646925273.83168,0.5382451,0.6688196
1122,1804,1646925273.84265,0.5311196,0.6980395
1123,1805,1646925273.85462,0.5303246,0.7280857
1124,1806,1646925273.864591,0.5301074,0.7568461
1125,1807,1646925273.877557,0.5416138,0.785005
1126,1808,1646925273.887531,0.5485331,0.8127612
1127,1809,1646925273.8985,0.5619509,0.8330371
1128,1810,1646925273.909472,0.5757387,0.8520266
1129,1811,1646925273.921442,0.6004667,0.8547279
1130,1812,1646925273.931413,0.6179959,0.8630268
1131,1813,1646925273.943382,0.6390197,0.8611404
1132,1814,1646925273.954351,0.658676,0.8605751
1133,1815,1646925273.965322,0.6769439,0.8621692
1134,1816,1646925273.976292,0.6925941,0.8571054
1135,1817,1646925273.987263,0.7062574,0.8552153
1136,1818,1646925273.998234,0.7128212,0.848082
1137,1819,1646925274.010204,0.7163947,0.8385386
1138,1820,1646925274.021174,0.7208383,0.8242945
1139,1821,1646925274.032145,0.7284216,0.8105609
1140,1822,1646925274.043114,0.7375744,0.7974898
1141,1823,1646925274.054084,0.7514146,0.781686
1142,1824,1646925274.065055,0.7663066,0.7665567
1143,1825,1646925274.077023,0.7883373,0.7510282
1144,1826,1646925274.087998,0.8097562,0.7365384
1145,1827,1646925274.098966,0.8416504,0.7225046
1146,1828,1646925274.109936,0.871292,0.7125096
1147,1829,1646925274.120906,0.8987664,0.7060172
1148,1830,1646925274.131876,0.9280445,0.707755
1149,1831,1646925274.145448,0.9537116,0.7181317
1150,1832,1646925274.156418,0.9713275,0.7277527
1151,1833,1646925274.164396,0.9764018,0.7520131
1152,1834,1646925274.176364,0.9734654,0.7782708
1153,1835,1646925274.187334,0.9717536,0.8028075
1154,1836,1646925274.198306,0.9483907,0.8373896
1155,1837,1646925274.210274,0.935596,0.8628828
1156,1838,1646925274.220246,0.8942753,0.9266822
1157,1839,1646925274.231216,0.8740755,0.9700136
